# ----- Rotor performance tables for the NLR15kW wind turbine ----- 
# ------------ Written on Sep-28-26 using the ROSCO toolbox ------------ 

# Pitch angle vector, 36 entries - x axis (matrix columns) (deg)
-5.0   -4.0   -3.0   -2.0   -1.0   0.0   1.0   2.0   3.0   4.0   5.0   6.0   7.0   8.0   9.0   10.0   11.0   12.0   13.0   14.0   15.0   16.0   17.0   18.0   19.0   20.0   21.0   22.0   23.0   24.0   25.0   26.0   27.0   28.0   29.0   30.0   
# TSR vector, 49 entries - y axis (matrix rows) (-)
0.5    1.0    1.5    2.0    2.5    3.0    3.5    4.0    4.5    5.0    5.5    6.0    6.5    7.0    7.5    8.0    8.5    9.0    9.5    10.0    10.5    11.0    11.5    12.0    12.5    13.0    13.5    14.0    14.5    15.0    15.5    16.0    16.5    17.0    17.5    18.0    18.5    19.0    19.5    20.0    20.5    21.0    21.5    22.0    22.5    23.0    23.5    24.0    24.5    
# Wind speed vector - z axis (m/s)
11.5    

# Power coefficient

-0.001202   -0.000986   -0.000772   -0.000558   -0.000346   -0.000134   0.000076   0.000284   0.000490   0.000694   0.000896   0.001096   0.001293   0.001488   0.001680   0.001869   0.002056   0.002241   0.002422   0.002602   0.002779   0.002953   0.003126   0.003296   0.003465   0.003632   0.003798   0.003962   0.004125   0.004287   0.004449   0.004610   0.004771   0.004932   0.005094   0.005255   
-0.003914   -0.003339   -0.002765   -0.002194   -0.001625   -0.001059   -0.000495   0.000066   0.000624   0.001180   0.001734   0.002285   0.002834   0.003381   0.003926   0.004469   0.005011   0.005551   0.006091   0.006629   0.007167   0.007705   0.008243   0.008781   0.009319   0.009858   0.010398   0.010939   0.011482   0.012026   0.012572   0.013119   0.013669   0.014222   0.014774   0.015325   
-0.006906   -0.005639   -0.004373   -0.003110   -0.001848   -0.000589   0.000669   0.001924   0.003177   0.004427   0.005676   0.006922   0.008165   0.009406   0.010644   0.011880   0.013113   0.014343   0.015570   0.016794   0.018016   0.019234   0.020448   0.021659   0.022861   0.024046   0.025198   0.026296   0.027312   0.028217   0.028985   0.029592   0.030016   0.030227   0.030195   0.029907   
-0.008293   -0.005861   -0.003434   -0.001014   0.001400   0.003805   0.006202   0.008590   0.010967   0.013332   0.015688   0.018029   0.020356   0.022668   0.024965   0.027244   0.029506   0.031743   0.033943   0.036079   0.038107   0.039973   0.041615   0.042981   0.044030   0.044725   0.045023   0.044879   0.044268   0.043196   0.041726   0.039947   0.037880   0.035585   0.033210   0.030758   
-0.006642   -0.002504   0.001611   0.005701   0.009764   0.013798   0.017800   0.021767   0.025697   0.029588   0.033437   0.037240   0.040992   0.044675   0.048254   0.051658   0.054796   0.057557   0.059852   0.061612   0.062790   0.063322   0.063136   0.062183   0.060448   0.058029   0.055106   0.051742   0.048055   0.044262   0.040289   0.036002   0.031509   0.026734   0.021715   0.016655   
-0.001088   0.005320   0.011666   0.017945   0.024153   0.030283   0.036330   0.042290   0.048155   0.053912   0.059526   0.064917   0.069960   0.074488   0.078343   0.081406   0.083612   0.084882   0.085104   0.084165   0.082020   0.078753   0.074658   0.069878   0.064502   0.058721   0.052673   0.046264   0.039443   0.032171   0.024696   0.017234   0.009802   0.002512   -0.004637   -0.011615   
0.008819   0.018063   0.027175   0.036143   0.044960   0.053613   0.062092   0.070358   0.078330   0.085852   0.092700   0.098625   0.103442   0.107052   0.109360   0.110200   0.109398   0.106876   0.102705   0.097237   0.090718   0.083176   0.074736   0.065883   0.056759   0.047044   0.036714   0.026160   0.015553   0.005079   -0.005181   -0.015112   -0.024653   -0.033837   -0.042728   -0.051377   
0.023240   0.035870   0.048250   0.060368   0.072202   0.083699   0.094745   0.105127   0.114528   0.122614   0.129153   0.134022   0.137077   0.138070   0.136795   0.133172   0.127316   0.119667   0.110463   0.099595   0.087527   0.075255   0.062799   0.049394   0.035257   0.020825   0.006476   -0.007600   -0.021144   -0.034052   -0.046375   -0.058216   -0.069698   -0.080928   -0.091988   -0.102928   
0.042106   0.058633   0.074740   0.090376   0.105428   0.119670   0.132725   0.144149   0.153595   0.160872   0.165809   0.168113   0.167484   0.163742   0.156848   0.147250   0.135421   0.121284   0.105408   0.089377   0.073462   0.056332   0.037930   0.019053   0.000229   -0.018080   -0.035526   -0.052049   -0.067779   -0.082908   -0.097616   -0.112038   -0.126263   -0.140369   -0.154435   -0.168522   
0.065143   0.086012   0.106159   0.125403   0.143392   0.159601   0.173502   0.184746   0.193123   0.198350   0.200014   0.197725   0.191167   0.180507   0.166700   0.150094   0.130848   0.110563   0.090848   0.070435   0.047883   0.024078   0.000108   -0.023244   -0.045497   -0.066570   -0.086602   -0.105802   -0.124393   -0.142572   -0.160512   -0.178357   -0.196220   -0.214177   -0.232268   -0.250509   
0.091834   0.117307   0.141516   0.163990   0.184077   0.201176   0.214896   0.224974   0.230984   0.232297   0.228279   0.218645   0.204200   0.186333   0.165180   0.141240   0.116802   0.093121   0.067669   0.039255   0.009704   -0.019591   -0.047780   -0.074570   -0.099983   -0.124183   -0.147432   -0.170047   -0.192328   -0.214502   -0.236724   -0.259111   -0.281739   -0.304646   -0.327844   -0.351329   
0.121269   0.151342   0.179206   0.204099   0.225326   0.242421   0.255029   0.262425   0.263693   0.258196   0.246005   0.228492   0.207247   0.182199   0.153970   0.125336   0.097485   0.066858   0.032362   -0.003363   -0.038502   -0.072221   -0.104265   -0.134681   -0.163689   -0.191661   -0.219023   -0.246138   -0.273269   -0.300604   -0.328295   -0.356414   -0.384985   -0.414003   -0.443447   -0.473296   
0.152086   0.186324   0.217075   0.243522   0.265070   0.281074   0.290527   0.292520   0.286594   0.273119   0.253741   0.230182   0.202164   0.170142   0.137184   0.105100   0.069512   0.028767   -0.013554   -0.055150   -0.095106   -0.133160   -0.169373   -0.204016   -0.237505   -0.270343   -0.302991   -0.335802   -0.369015   -0.402794   -0.437208   -0.472268   -0.507958   -0.544255   -0.581135   -0.618562   
0.182448   0.219930   0.252564   0.279579   0.299961   0.312629   0.316773   0.312162   0.299319   0.279771   0.255248   0.225423   0.190402   0.153078   0.116652   0.076715   0.030047   -0.019188   -0.067858   -0.114842   -0.159798   -0.202740   -0.243904   -0.283723   -0.322795   -0.361713   -0.400937   -0.440756   -0.481359   -0.522835   -0.565194   -0.608423   -0.652497   -0.697371   -0.742994   -0.789306   
0.208963   0.248556   0.281800   0.307722   0.325288   0.333676   0.332824   0.323119   0.305522   0.281660   0.251474   0.214678   0.173519   0.132645   0.089197   0.037568   -0.018660   -0.074982   -0.129815   -0.182599   -0.233212   -0.281831   -0.328899   -0.375042   -0.420978   -0.467302   -0.514402   -0.562529   -0.611811   -0.662278   -0.713916   -0.766679   -0.820505   -0.875323   -0.931060   -0.987647   
0.225395   0.266223   0.299453   0.323881   0.339349   0.345350   0.341697   0.328709   0.307574   0.278897   0.242183   0.198757   0.153463   0.107034   0.052088   -0.010590   -0.074944   -0.138314   -0.199772   -0.259019   -0.316120   -0.371428   -0.425545   -0.479265   -0.533363   -0.588399   -0.644718   -0.702523   -0.761877   -0.822754   -0.885089   -0.948803   -1.013808   -1.080016   -1.147340   -1.215688   
0.225523   0.267261   0.301964   0.328144   0.344485   0.350479   0.345482   0.330072   0.305398   0.271234   0.228041   0.179374   0.129883   0.073373   0.005965   -0.066260   -0.138585   -0.209461   -0.278282   -0.344885   -0.409464   -0.472540   -0.534902   -0.597491   -0.661108   -0.726259   -0.793253   -0.862208   -0.933095   -1.005840   -1.080344   -1.156502   -1.234209   -1.313351   -1.393819   -1.475497   
0.208110   0.252529   0.291032   0.322091   0.342365   0.350086   0.344749   0.327499   0.298988   0.259203   0.210067   0.157351   0.100213   0.030995   -0.047776   -0.129066   -0.209842   -0.289003   -0.366054   -0.440953   -0.514051   -0.586056   -0.657963   -0.730827   -0.805422   -0.882201   -0.961385   -1.042983   -1.126912   -1.213056   -1.301292   -1.391485   -1.483499   -1.577201   -1.672453   -1.769118   
0.179952   0.227897   0.270578   0.306914   0.333572   0.344675   0.340006   0.321201   0.288673   0.243314   0.189164   0.131247   0.062966   -0.019174   -0.108546   -0.199230   -0.289188   -0.377477   -0.463693   -0.547918   -0.630684   -0.712906   -0.795782   -0.880420   -0.967524   -1.057480   -1.150396   -1.246199   -1.344761   -1.445927   -1.549537   -1.655429   -1.763442   -1.873414   -1.985180   -2.098582   
0.145839   0.198446   0.245112   0.285878   0.318610   0.334788   0.331701   0.311348   0.274684   0.224006   0.165416   0.099238   0.018100   -0.076484   -0.176323   -0.277057   -0.377058   -0.475422   -0.571835   -0.666528   -0.760225   -0.854069   -0.949415   -1.047366   -1.148560   -1.253290   -1.361554   -1.473208   -1.588069   -1.705947   -1.826652   -1.949995   -2.075783   -2.203824   -2.333932   -2.465920   
0.106882   0.165243   0.216532   0.261354   0.298765   0.320909   0.319938   0.297999   0.257206   0.201703   0.137582   0.060595   -0.033929   -0.140548   -0.251288   -0.362943   -0.473946   -0.583426   -0.691169   -0.797571   -0.903560   -1.010491   -1.119854   -1.232722   -1.349655   -1.470831   -1.596126   -1.725332   -1.858229   -1.994592   -2.134201   -2.276832   -2.422262   -2.570272   -2.720644   -2.873166   
0.063400   0.128470   0.185146   0.233961   0.275347   0.303177   0.304711   0.281213   0.236367   0.176293   0.104548   0.015353   -0.092673   -0.211343   -0.333785   -0.457337   -0.580392   -0.702116   -0.822404   -0.941824   -1.061516   -1.183072   -1.308079   -1.437544   -1.571934   -1.711271   -1.855335   -2.003870   -2.156621   -2.313330   -2.473738   -2.637587   -2.804623   -2.974594   -3.147251   -3.322349   
0.015535   0.088104   0.150810   0.203932   0.248615   0.281462   0.285921   0.261014   0.212392   0.147140   0.065950   -0.036404   -0.157948   -0.289105   -0.424227   -0.560732   -0.696961   -0.832113   -0.966214   -1.100021   -1.234917   -1.372727   -1.515072   -1.662872   -1.816477   -1.975745   -2.140388   -2.310113   -2.484626   -2.663627   -2.846820   -3.033912   -3.224610   -3.418629   -3.615684   -3.815495   
-0.036539   0.044162   0.113338   0.171051   0.218642   0.255693   0.263623   0.237493   0.185173   0.113567   0.021684   -0.094534   -0.229758   -0.374199   -0.523058   -0.673621   -0.824182   -0.974007   -1.123260   -1.272916   -1.424608   -1.580352   -1.741777   -1.909713   -2.084336   -2.265375   -2.452495   -2.645358   -2.843623   -3.046952   -3.255007   -3.467454   -3.683964   -3.904210   -4.127870   -4.354625   
-0.092811   -0.003498   0.072553   0.135197   0.185825   0.226069   0.237768   0.210662   0.154313   0.075298   -0.028373   -0.158965   -0.308286   -0.467008   -0.630686   -0.796457   -0.962584   -1.128400   -1.294232   -1.461268   -1.631394   -1.806813   -1.989124   -2.179047   -2.376557   -2.581291   -2.792866   -3.010895   -3.234991   -3.464771   -3.699853   -3.939860   -4.184422   -4.433169   -4.685734   -4.941756   
-0.152932   -0.054846   0.028384   0.096252   0.150152   0.192800   0.208252   0.180330   0.119452   0.032153   -0.084350   -0.229746   -0.393803   -0.567874   -0.747517   -0.929723   -1.112718   -1.295909   -1.479796   -1.665794   -1.856061   -2.052960   -2.258033   -2.471849   -2.694189   -2.924622   -3.162710   -3.408017   -3.660107   -3.918549   -4.182912   -4.452777   -4.727723   -5.007332   -5.291196   -5.578904   
-0.216461   -0.109970   -0.019302   0.054116   0.111495   0.156025   0.174757   0.146106   0.080396   -0.016075   -0.146298   -0.306960   -0.486614   -0.677166   -0.873993   -1.073909   -1.275117   -1.477121   -1.680591   -1.887201   -2.099389   -2.319641   -2.549416   -2.789093   -3.038281   -3.296491   -3.563233   -3.838015   -4.120347   -4.409748   -4.705740   -5.007847   -5.315598   -5.628528   -5.946175   -6.268079   
-0.282477   -0.168858   -0.070609   0.008650   0.069669   0.115808   0.136988   0.107805   0.037102   -0.069547   -0.214257   -0.390783   -0.587056   -0.795275   -1.010528   -1.229474   -1.450301   -1.672603   -1.897256   -2.126202   -2.362158   -2.607701   -2.864186   -3.131748   -3.409877   -3.698025   -3.995641   -4.302176   -4.617085   -4.939835   -5.269886   -5.606709   -5.949782   -6.298581   -6.652589   -7.011291   
-0.349314   -0.231422   -0.125670   -0.040320   0.024485   0.072095   0.095210   0.065489   -0.010585   -0.128435   -0.288327   -0.481453   -0.695447   -0.922550   -1.157522   -1.396878   -1.638776   -1.882931   -2.130435   -2.383507   -2.645144   -2.917988   -3.203236   -3.500780   -3.810021   -4.130344   -4.461136   -4.801787   -5.151699   -5.510268   -5.876899   -6.251006   -6.632004   -7.019311   -7.412350   -7.810546   
-0.415087   -0.297346   -0.184563   -0.092884   -0.024196   0.024806   0.049735   0.019189   -0.062915   -0.192894   -0.368624   -0.579205   -0.812091   -1.059336   -1.315384   -1.576571   -1.841057   -2.108684   -2.380767   -2.659822   -2.949129   -3.251337   -3.567457   -3.897156   -4.239754   -4.594569   -4.960921   -5.338142   -5.725559   -6.122506   -6.528330   -6.942376   -7.363993   -7.792539   -8.227369   -8.667848   
-0.478530   -0.365740   -0.247299   -0.149182   -0.076588   -0.026125   0.000518   -0.031153   -0.120085   -0.263027   -0.455292   -0.684293   -0.937286   -1.205996   -1.484512   -1.769014   -2.057662   -2.350435   -2.648891   -2.955860   -3.274878   -3.608576   -3.957741   -4.321840   -4.700118   -5.091821   -5.496206   -5.912523   -6.340035   -6.778012   -7.225726   -7.682453   -8.147477   -8.620082   -9.099558   -9.585199   
-0.539128   -0.435228   -0.313898   -0.209409   -0.132877   -0.080715   -0.052557   -0.085684   -0.182275   -0.338935   -0.548502   -0.796981   -1.071351   -1.362881   -1.665313   -1.974666   -2.289106   -2.608760   -2.935452   -3.272320   -3.623154   -3.990529   -4.374975   -4.775794   -5.192152   -5.623225   -6.068185   -6.526215   -6.996503   -7.478242   -7.970632   -8.472876   -8.984180   -9.503757   -10.030823   -10.564599   
-0.596765   -0.504330   -0.384260   -0.273678   -0.193115   -0.139027   -0.109648   -0.144586   -0.249642   -0.420739   -0.648452   -0.917544   -1.214592   -1.530347   -1.858193   -2.193985   -2.535901   -2.884239   -3.241079   -3.609897   -3.994717   -4.398013   -4.820048   -5.259981   -5.716902   -6.189897   -6.678063   -7.180505   -7.696330   -8.224653   -8.764594   -9.315276   -9.875828   -10.445380   -11.023073   -11.608051   
-0.651512   -0.571984   -0.458068   -0.342109   -0.257324   -0.201182   -0.170945   -0.208094   -0.322327   -0.508562   -0.755357   -1.046248   -1.367319   -1.708752   -2.063557   -2.427426   -2.798567   -3.177437   -3.566403   -3.969289   -4.390322   -4.831846   -5.293849   -5.775370   -6.275402   -6.792956   -7.327041   -7.876677   -8.440887   -9.018702   -9.609157   -10.211289   -10.824142   -11.446765   -12.078214   -12.717552   
-0.703646   -0.637647   -0.534676   -0.414773   -0.325540   -0.267348   -0.236666   -0.276447   -0.400448   -0.602558   -0.869432   -1.183360   -1.529843   -1.898449   -2.281808   -2.675453   -3.077610   -3.488922   -3.912055   -4.351186   -4.810723   -5.292844   -5.797269   -6.322915   -6.868694   -7.433522   -8.016319   -8.616014   -9.231543   -9.861844   -10.505863   -11.162545   -11.830845   -12.509725   -13.198152   -13.895103   
-0.753409   -0.700825   -0.613040   -0.491671   -0.397820   -0.337697   -0.307079   -0.349862   -0.484122   -0.702892   -0.990891   -1.329147   -1.702471   -2.099793   -2.513355   -2.938518   -3.373539   -3.819261   -4.278661   -4.756277   -5.256673   -5.781826   -6.331189   -6.903582   -7.497817   -8.112712   -8.747096   -9.399801   -10.069666   -10.755535   -11.456255   -12.170677   -12.897661   -13.636075   -14.384794   -15.142702   
-0.800972   -0.761232   -0.691793   -0.572725   -0.474256   -0.412404   -0.382574   -0.428512   -0.573481   -0.809730   -1.119958   -1.483876   -1.885513   -2.313143   -2.758599   -3.217071   -3.686861   -4.169019   -4.666848   -5.185255   -5.728926   -6.299599   -6.896499   -7.518331   -8.163807   -8.831645   -9.520572   -10.229320   -10.956626   -11.701229   -12.461874   -13.237315   -14.026309   -14.827627   -15.640043   -16.462346   
-0.846556   -0.819163   -0.769637   -0.657775   -0.554965   -0.491648   -0.463439   -0.512538   -0.668637   -0.923250   -1.256860   -1.647812   -2.079280   -2.538851   -3.017937   -3.511565   -4.018083   -4.538761   -5.077245   -5.638808   -6.228222   -6.846983   -7.494084   -8.168122   -8.867703   -9.591439   -10.337948   -11.105855   -11.893788   -12.700378   -13.524263   -14.364090   -15.218512   -16.086194   -16.965807   -17.856034   
-0.890593   -0.875214   -0.845665   -0.746548   -0.640071   -0.575592   -0.549680   -0.602022   -0.769725   -1.043639   -1.401827   -1.821224   -2.284083   -2.777268   -3.291772   -3.822451   -4.367710   -4.929053   -5.510477   -6.117615   -6.755313   -7.424790   -8.124829   -8.853917   -9.610544   -10.393211   -11.200422   -12.030687   -12.882519   -13.754436   -14.644963   -15.552634   -16.475991   -17.413588   -18.363988   -19.325761   
-0.933673   -0.929713   -0.919367   -0.838617   -0.729704   -0.664396   -0.641069   -0.697031   -0.876886   -1.171084   -1.555084   -2.004384   -2.500223   -3.028744   -3.580502   -4.150182   -4.736251   -5.340462   -5.967161   -6.622362   -7.310941   -8.033831   -8.789620   -9.576675   -10.393368   -11.238079   -12.109193   -13.005098   -13.924187   -14.864856   -15.825514   -16.804576   -17.800467   -18.811623   -19.836490   -20.873527   
-0.976294   -0.982748   -0.990520   -0.933359   -0.823964   -0.758228   -0.737559   -0.797628   -0.990266   -1.305772   -1.716874   -2.197549   -2.728007   -3.293632   -3.884527   -4.495208   -5.124216   -5.773543   -6.447922   -7.153729   -7.895850   -8.674921   -9.489343   -10.337358   -11.217212   -12.127160   -13.065459   -14.030369   -15.020156   -16.033091   -17.067457   -18.121546   -19.193659   -20.282109   -21.385219   -22.501326   
-1.018760   -1.034456   -1.059287   -1.029929   -0.922972   -0.857212   -0.839218   -0.903887   -1.110018   -1.447907   -1.887410   -2.400986   -2.967743   -3.572282   -4.204247   -4.857987   -5.532100   -6.228860   -6.953378   -7.712396   -8.510785   -9.348873   -10.224884   -11.136926   -12.083115   -13.061571   -14.070418   -15.107781   -16.171792   -17.260593   -18.372334   -19.505175   -20.657289   -21.826858   -23.012077   -24.211155   
-1.061238   -1.085162   -1.126273   -1.127347   -1.026808   -0.961476   -0.946143   -1.015896   -1.236307   -1.597666   -2.066922   -2.614959   -3.219735   -3.865046   -4.540069   -5.238959   -5.960411   -6.706972   -7.484145   -8.299043   -9.156488   -10.056500   -10.997128   -11.976340   -12.992114   -14.042429   -15.125268   -16.238614   -17.380463   -18.548815   -19.741684   -20.957093   -22.193076   -23.447682   -24.718968   -26.005011   
-1.103828   -1.135332   -1.192210   -1.224648   -1.135540   -1.071130   -1.058450   -1.133767   -1.369287   -1.755242   -2.255636   -2.839732   -3.484288   -4.172284   -4.892382   -5.638578   -6.409650   -7.208436   -8.040844   -8.914349   -9.833705   -10.798617   -11.806961   -12.856561   -13.945246   -15.070850   -16.231205   -17.424150   -18.647532   -19.899209   -21.177048   -22.478929   -23.802742   -25.146391   -26.507796   -27.884890   
-1.146604   -1.185403   -1.257590   -1.321009   -1.249209   -1.186271   -1.176268   -1.257620   -1.509118   -1.920826   -2.453779   -3.075570   -3.761724   -4.494336   -5.261587   -6.057290   -6.880318   -7.733810   -8.624089   -9.558993   -10.543179   -11.576036   -12.655268   -13.778547   -14.943549   -16.147949   -17.389427   -18.665669   -19.974367   -21.313228   -22.679967   -24.072312   -25.488004   -26.924799   -28.380464   -29.852787   
-1.189631   -1.235651   -1.322551   -1.415962   -1.367817   -1.306988   -1.299747   -1.387587   -1.655963   -2.094609   -2.661578   -3.322747   -4.052332   -4.831555   -5.648082   -6.495543   -7.372916   -8.283651   -9.234499   -10.233654   -11.285654   -12.389571   -13.542936   -14.743260   -15.988058   -17.274843   -18.601132   -19.964451   -21.362333   -22.792323   -24.251980   -25.738873   -27.250585   -28.784714   -30.338876   -31.910699   
-1.232985   -1.286272   -1.387027   -1.509421   -1.491323   -1.433377   -1.429003   -1.523815   -1.809985   -2.276781   -2.879268   -3.581519   -4.356423   -5.184292   -6.052261   -6.953782   -7.887944   -8.858517   -9.872690   -10.939010   -12.061873   -13.240035   -14.470849   -15.751660   -17.079811   -18.452647   -19.867517   -21.321776   -22.812794   -24.337947   -25.894628   -27.480240   -29.092202   -30.727950   -32.384933   -34.060621   
-1.276711   -1.337351   -1.451059   -1.601630   -1.619629   -1.565512   -1.564177   -1.666450   -1.971349   -2.467544   -3.107071   -3.852149   -4.674302   -5.552893   -6.474521   -7.432456   -8.425905   -9.458964   -10.539277   -11.675739   -12.872580   -14.128240   -15.439892   -16.804705   -18.219844   -19.682478   -21.189778   -22.738927   -24.327117   -25.951552   -27.609450   -29.298043   -31.014577   -32.756316   -34.520540   -36.304549   
-1.320886   -1.388950   -1.514825   -1.692965   -1.752599   -1.703484   -1.705405   -1.815639   -2.140220   -2.667088   -3.345209   -4.134907   -5.006271   -5.937707   -6.915259   -7.932011   -8.987297   -10.085547   -11.234878   -12.444521   -13.718520   -15.055001   -16.450951   -17.903355   -19.409194   -20.965450   -22.569112   -24.217181   -25.906666   -27.634589   -29.397987   -31.193911   -33.019428   -34.871623   -36.747599   -38.644479   


#  Thrust coefficient

0.057964   0.057697   0.057404   0.057082   0.056936   0.056558   0.056153   0.055719   0.055256   0.054765   0.054552   0.054004   0.053428   0.052825   0.052195   0.051539   0.050859   0.050153   0.049424   0.048673   0.047901   0.047108   0.046297   0.045468   0.044624   0.043764   0.042893   0.042009   0.041117   0.040216   0.039310   0.038399   0.037486   0.036572   0.035659   0.034750   
0.063076   0.062797   0.062283   0.061739   0.061164   0.060561   0.059929   0.059271   0.058587   0.057880   0.057455   0.056704   0.055933   0.055145   0.054342   0.053524   0.052695   0.051855   0.051008   0.050156   0.049300   0.048442   0.047586   0.046732   0.045884   0.045044   0.044213   0.043395   0.042592   0.041805   0.041038   0.040293   0.039573   0.038879   0.038213   0.037574   
0.071767   0.071104   0.070418   0.069712   0.068988   0.068249   0.067496   0.066733   0.065961   0.065183   0.064708   0.063927   0.063148   0.062375   0.061609   0.060855   0.060114   0.059391   0.058686   0.058005   0.057349   0.056723   0.056128   0.055567   0.055039   0.054536   0.054043   0.053540   0.052998   0.052391   0.051691   0.050882   0.049940   0.048840   0.047553   0.046068   
0.084656   0.083958   0.083258   0.082560   0.081866   0.081181   0.080507   0.079849   0.079210   0.078594   0.078309   0.077750   0.077225   0.076738   0.076294   0.075896   0.075547   0.075247   0.074985   0.074733   0.074449   0.074076   0.073553   0.072829   0.071867   0.070635   0.069091   0.067193   0.064922   0.062292   0.059385   0.056303   0.053067   0.049734   0.046452   0.043209   
0.102963   0.102419   0.101902   0.101416   0.100967   0.100559   0.100197   0.099886   0.099632   0.099641   0.099615   0.099559   0.099577   0.099654   0.099758   0.099814   0.099726   0.099381   0.098690   0.097590   0.096039   0.093979   0.091340   0.088081   0.084204   0.079833   0.075170   0.070269   0.065241   0.060307   0.055380   0.050300   0.045181   0.039952   0.034661   0.029499   
0.127389   0.127203   0.127082   0.127031   0.127058   0.127167   0.127367   0.127866   0.128265   0.128763   0.129431   0.129983   0.130388   0.130466   0.130053   0.129034   0.127354   0.124942   0.121689   0.117494   0.112335   0.106327   0.099805   0.092905   0.085701   0.078388   0.071104   0.063719   0.056172   0.048446   0.040796   0.033420   0.026336   0.019659   0.013395   0.007580   
0.158413   0.158802   0.159302   0.159921   0.160667   0.161752   0.162774   0.163909   0.165075   0.166100   0.166835   0.166816   0.165952   0.164159   0.161355   0.157380   0.152075   0.145391   0.137442   0.128635   0.119220   0.109196   0.098695   0.088217   0.077873   0.067321   0.056567   0.045998   0.035761   0.026048   0.016955   0.008597   0.001021   -0.005821   -0.012008   -0.017597   
0.196393   0.197585   0.199148   0.200684   0.202404   0.204268   0.206157   0.207824   0.208911   0.209155   0.208114   0.205787   0.202050   0.196660   0.189437   0.180345   0.169553   0.157569   0.144614   0.130550   0.115887   0.101669   0.087876   0.073704   0.059385   0.045337   0.031945   0.019414   0.007996   -0.002225   -0.011322   -0.019413   -0.026644   -0.033133   -0.038978   -0.044253   
0.241829   0.244066   0.246536   0.249216   0.251988   0.254588   0.256670   0.257524   0.256878   0.254561   0.250432   0.244207   0.235610   0.224504   0.210895   0.195319   0.178271   0.159663   0.140167   0.121481   0.103817   0.085726   0.067160   0.048929   0.031574   0.015562   0.001216   -0.011434   -0.022552   -0.032365   -0.041079   -0.048842   -0.055755   -0.061929   -0.067480   -0.072486   
0.294590   0.298124   0.301874   0.305629   0.309053   0.311305   0.311874   0.310395   0.306701   0.300537   0.291494   0.279195   0.263327   0.244136   0.222755   0.199614   0.174972   0.150601   0.128135   0.106117   0.083020   0.059777   0.037507   0.017001   -0.001304   -0.017387   -0.031444   -0.043725   -0.054478   -0.063924   -0.072263   -0.079677   -0.086329   -0.092330   -0.097738   -0.102611   
0.355150   0.360195   0.365059   0.369232   0.371893   0.372323   0.370128   0.365108   0.356844   0.344642   0.327781   0.306002   0.280439   0.252844   0.223455   0.192903   0.163675   0.136982   0.109989   0.081441   0.053278   0.026916   0.003151   -0.017812   -0.036079   -0.051867   -0.065482   -0.077278   -0.087607   -0.096744   -0.104879   -0.112193   -0.118800   -0.124762   -0.130159   -0.135017   
0.423717   0.429866   0.435123   0.438482   0.439073   0.436429   0.430266   0.419730   0.403654   0.381343   0.353175   0.321166   0.287384   0.251835   0.215297   0.180790   0.149407   0.117134   0.082824   0.049291   0.018349   -0.009269   -0.033430   -0.054276   -0.072105   -0.087362   -0.100536   -0.112046   -0.122210   -0.131259   -0.139436   -0.146848   -0.153549   -0.159623   -0.165075   -0.169932   
0.499956   0.506581   0.511019   0.512195   0.509491   0.502168   0.488839   0.468357   0.440432   0.406065   0.367834   0.328082   0.286553   0.243844   0.203345   0.166794   0.129140   0.088622   0.049111   0.012901   -0.019241   -0.047219   -0.071239   -0.091700   -0.109107   -0.124035   -0.137014   -0.148465   -0.158695   -0.167958   -0.176361   -0.183958   -0.190839   -0.197021   -0.202545   -0.207433   
0.583647   0.589490   0.591591   0.588903   0.580112   0.563732   0.538835   0.505677   0.465780   0.421876   0.376434   0.329094   0.280074   0.232665   0.190145   0.147243   0.100411   0.054265   0.011968   -0.025566   -0.058248   -0.086302   -0.110121   -0.130255   -0.147406   -0.162247   -0.175321   -0.186989   -0.197537   -0.207098   -0.215751   -0.223607   -0.230697   -0.237050   -0.242685   -0.247615   
0.673995   0.676893   0.673783   0.663231   0.643805   0.614923   0.577498   0.533244   0.484389   0.433477   0.380459   0.325106   0.270122   0.220529   0.172556   0.119792   0.066383   0.017017   -0.027009   -0.065471   -0.098524   -0.126566   -0.150217   -0.170227   -0.187413   -0.202455   -0.215816   -0.227858   -0.238772   -0.248683   -0.257722   -0.265906   -0.273259   -0.279799   -0.285543   -0.290515   
0.766739   0.762979   0.750473   0.727952   0.696130   0.655938   0.608638   0.555791   0.499657   0.441150   0.379788   0.317344   0.259291   0.205792   0.148024   0.087098   0.029589   -0.022112   -0.067511   -0.106704   -0.140078   -0.168219   -0.191889   -0.212002   -0.229416   -0.244785   -0.258579   -0.271085   -0.282494   -0.292926   -0.302398   -0.310935   -0.318558   -0.325291   -0.331162   -0.336179   
0.854714   0.839142   0.814572   0.781289   0.739806   0.691016   0.635481   0.574951   0.511395   0.444642   0.375485   0.308205   0.247606   0.185644   0.117912   0.051427   -0.009135   -0.062780   -0.109449   -0.149416   -0.183184   -0.211509   -0.235324   -0.255671   -0.273458   -0.289334   -0.303713   -0.316863   -0.328909   -0.339879   -0.349804   -0.358709   -0.366629   -0.373576   -0.379571   -0.384661   
0.930450   0.902133   0.867176   0.826047   0.777670   0.721670   0.658638   0.590941   0.519634   0.444868   0.369189   0.299131   0.232480   0.159797   0.084361   0.013769   -0.049499   -0.105060   -0.152996   -0.193726   -0.227916   -0.256483   -0.280559   -0.301322   -0.319705   -0.336271   -0.351421   -0.365320   -0.378019   -0.389556   -0.399970   -0.409282   -0.417506   -0.424669   -0.430812   -0.435933   
0.996333   0.956563   0.912026   0.863575   0.810252   0.748218   0.678596   0.604058   0.525073   0.442890   0.362443   0.288724   0.212539   0.129866   0.048531   -0.025668   -0.091542   -0.148959   -0.198146   -0.239639   -0.274283   -0.303198   -0.327737   -0.349174   -0.368309   -0.385755   -0.401769   -0.416449   -0.429853   -0.442012   -0.452943   -0.462660   -0.471201   -0.478595   -0.484845   -0.489974   
1.057267   1.007066   0.952706   0.896133   0.837519   0.771120   0.696109   0.614860   0.528362   0.439624   0.355717   0.275110   0.188143   0.097019   0.010854   -0.066739   -0.135192   -0.194461   -0.244888   -0.287180   -0.322370   -0.351833   -0.377081   -0.399308   -0.419409   -0.437829   -0.454773   -0.470310   -0.484467   -0.497265   -0.508708   -0.518857   -0.527721   -0.535314   -0.541659   -0.546782   
1.115937   1.055491   0.990955   0.925504   0.860717   0.791362   0.711601   0.623684   0.530097   0.436039   0.347686   0.257660   0.160213   0.062134   -0.028412   -0.109398   -0.180426   -0.241557   -0.293270   -0.336455   -0.372363   -0.402556   -0.428610   -0.451864   -0.473042   -0.492551   -0.510502   -0.526933   -0.541861   -0.555288   -0.567292   -0.577868   -0.587037   -0.594822   -0.601253   -0.606361   
1.172993   1.102216   1.027494   0.952895   0.881611   0.809497   0.725369   0.630944   0.530783   0.432229   0.337122   0.236779   0.129716   0.025629   -0.069205   -0.153609   -0.227255   -0.290317   -0.343417   -0.387605   -0.424347   -0.455355   -0.482483   -0.506897   -0.529297   -0.549968   -0.568966   -0.586308   -0.601999   -0.616124   -0.628674   -0.639672   -0.649144   -0.657120   -0.663631   -0.668706   
1.228933   1.147459   1.062621   0.979366   0.901235   0.825677   0.737490   0.636910   0.531055   0.427530   0.323882   0.212884   0.097256   -0.012315   -0.111500   -0.199410   -0.275782   -0.340852   -0.395391   -0.440674   -0.478309   -0.510429   -0.538773   -0.564490   -0.588206   -0.610081   -0.630142   -0.648396   -0.664933   -0.679741   -0.692844   -0.704269   -0.714047   -0.722210   -0.728784   -0.733839   
1.283746   1.191624   1.097019   1.005421   0.919933   0.839944   0.748268   0.642100   0.531109   0.421122   0.308125   0.186576   0.063261   -0.051694   -0.155381   -0.246911   -0.326046   -0.393162   -0.449233   -0.495660   -0.534486   -0.567833   -0.597531   -0.624673   -0.649759   -0.672863   -0.694001   -0.713261   -0.730631   -0.746135   -0.759801   -0.771660   -0.781744   -0.790079   -0.796746   -0.801767   
1.337498   1.234891   1.130994   1.031305   0.938272   0.852784   0.758019   0.646882   0.530454   0.412971   0.290065   0.158341   0.027858   -0.092621   -0.200892   -0.296083   -0.378034   -0.447316   -0.504971   -0.552799   -0.592888   -0.627607   -0.658780   -0.687442   -0.713935   -0.738296   -0.760612   -0.780868   -0.799091   -0.815307   -0.829547   -0.841842   -0.852223   -0.860773   -0.867511   -0.872478   
1.390123   1.277789   1.165082   1.057257   0.956327   0.864548   0.767006   0.651461   0.528680   0.403211   0.269813   0.128375   -0.008965   -0.135054   -0.247992   -0.346925   -0.431865   -0.503339   -0.562802   -0.612069   -0.653543   -0.689763   -0.722533   -0.752782   -0.780725   -0.806448   -0.829937   -0.851216   -0.870313   -0.887256   -0.902075   -0.914807   -0.925533   -0.934271   -0.941068   -0.945989   
1.441692   1.320752   1.199333   1.083177   0.974260   0.875816   0.775523   0.655380   0.525651   0.391733   0.247535   0.096958   -0.047147   -0.178978   -0.296722   -0.399598   -0.487513   -0.561405   -0.622682   -0.673479   -0.716466   -0.754317   -0.788792   -0.820694   -0.850196   -0.877283   -0.901978   -0.924306   -0.944295   -0.961973   -0.977384   -0.990602   -1.001647   -1.010571   -1.017439   -1.022294   
1.491430   1.363749   1.233931   1.109222   0.992277   0.887103   0.783468   0.657992   0.521517   0.378636   0.223570   0.064253   -0.086730   -0.224474   -0.347216   -0.454019   -0.545146   -0.621444   -0.684614   -0.737047   -0.781680   -0.821281   -0.857573   -0.891244   -0.922313   -0.950801   -0.976733   -1.000134   -1.021025   -1.039464   -1.055514   -1.069196   -1.080567   -1.089690   -1.096612   -1.101391   
1.538320   1.406880   1.268979   1.135463   1.010353   0.898516   0.790541   0.659411   0.516494   0.363996   0.198109   0.030216   -0.127751   -0.271630   -0.399385   -0.510348   -0.604681   -0.683461   -0.748616   -0.802799   -0.849196   -0.890683   -0.928942   -0.964395   -0.997075   -1.027002   -1.054199   -1.078681   -1.100521   -1.119764   -1.136434   -1.150597   -1.162308   -1.171620   -1.178589   -1.183279   
1.581157   1.449854   1.304200   1.161774   1.028696   0.910061   0.796585   0.660024   0.510543   0.347741   0.171237   -0.005079   -0.170301   -0.320373   -0.453329   -0.568503   -0.666126   -0.747476   -0.814710   -0.870743   -0.919049   -0.962603   -1.002863   -1.040148   -1.074481   -1.105879   -1.134348   -1.159984   -1.182805   -1.202837   -1.220159   -1.234815   -1.246861   -1.256358   -1.263368   -1.267957   
1.618857   1.491779   1.339644   1.188388   1.047548   0.921365   0.801552   0.659974   0.503544   0.329985   0.143121   -0.041717   -0.214288   -0.370688   -0.509028   -0.628492   -0.729498   -0.813506   -0.882903   -0.940915   -0.991323   -1.037011   -1.079335   -1.118501   -1.154525   -1.187402   -1.217244   -1.244048   -1.267843   -1.288711   -1.306691   -1.321843   -1.334226   -1.343906   -1.350949   -1.355425   
1.651262   1.531798   1.375354   1.215444   1.066724   0.931919   0.805634   0.659436   0.495453   0.310861   0.113761   -0.079620   -0.259677   -0.422688   -0.566468   -0.690328   -0.794810   -0.881555   -0.953221   -1.013400   -1.065989   -1.113911   -1.158355   -1.199446   -1.237174   -1.271652   -1.302865   -1.330844   -1.355669   -1.377377   -1.396026   -1.411679   -1.424401   -1.434261   -1.441329   -1.445680   
1.678445   1.568924   1.411006   1.242851   1.085931   0.941657   0.809097   0.658490   0.486291   0.290542   0.083266   -0.118727   -0.306621   -0.476312   -0.625660   -0.754026   -0.862068   -0.951638   -1.025756   -1.088172   -1.143058   -1.193303   -1.239919   -1.282952   -1.322516   -1.358587   -1.391190   -1.420406   -1.446267   -1.468832   -1.488162   -1.504324   -1.517387   -1.527423   -1.534508   -1.538723   
1.700423   1.602300   1.446433   1.270670   1.104875   0.950773   0.812177   0.657136   0.476105   0.269051   0.051746   -0.159226   -0.355043   -0.531569   -0.686616   -0.819586   -0.931269   -1.023859   -1.100474   -1.165242   -1.222537   -1.275181   -1.323992   -1.369111   -1.410504   -1.448194   -1.482256   -1.512718   -1.539638   -1.563076   -1.583100   -1.599778   -1.613182   -1.623391   -1.630486   -1.634552   
1.717924   1.631495   1.481212   1.298896   1.123432   0.959472   0.814996   0.655362   0.464810   0.246621   0.019006   -0.201024   -0.404950   -0.588467   -0.749337   -0.886991   -1.002532   -1.098172   -1.177387   -1.244621   -1.304426   -1.359512   -1.410670   -1.457868   -1.501125   -1.540509   -1.576043   -1.607780   -1.635780   -1.660110   -1.680839   -1.698038   -1.711786   -1.722165   -1.729262   -1.733167   
1.731682   1.656085   1.514780   1.327331   1.141546   0.967918   0.817624   0.652943   0.452523   0.223067   -0.014831   -0.244127   -0.456347   -0.647009   -0.813787   -0.956378   -1.075803   -1.174590   -1.256506   -1.326312   -1.388695   -1.446396   -1.499897   -1.549218   -1.594417   -1.635512   -1.672550   -1.705590   -1.734695   -1.759934   -1.781378   -1.799106   -1.813198   -1.823744   -1.830834   -1.834567   
1.742408   1.675910   1.546362   1.355729   1.159268   0.976251   0.820097   0.649857   0.439341   0.198550   -0.049763   -0.288538   -0.509237   -0.707142   -0.880123   -1.027681   -1.151090   -1.253120   -1.337834   -1.410285   -1.475454   -1.535772   -1.591667   -1.643193   -1.690358   -1.733202   -1.771779   -1.806150   -1.836382   -1.862546   -1.884718   -1.902979   -1.917418   -1.928126   -1.935204   -1.938753   
1.750658   1.691561   1.575220   1.383853   1.176709   0.984634   0.822302   0.646125   0.425140   0.173099   -0.085791   -0.334260   -0.563551   -0.769042   -0.948269   -1.100908   -1.228403   -1.333767   -1.421338   -1.496662   -1.564640   -1.627635   -1.686013   -1.739773   -1.788947   -1.833580   -1.873730   -1.909461   -1.940842   -1.967947   -1.990857   -2.009659   -2.024444   -2.035313   -2.042370   -2.045722   
1.756982   1.704004   1.600783   1.411464   1.193978   0.993007   0.824419   0.641477   0.410083   0.146728   -0.122917   -0.381208   -0.619484   -0.832623   -1.018232   -1.176066   -1.307742   -1.416490   -1.507151   -1.585379   -1.656251   -1.722019   -1.782914   -1.838957   -1.890184   -1.936646   -1.978403   -2.015521   -2.048073   -2.076136   -2.099795   -2.119143   -2.134278   -2.145304   -2.152331   -2.155476   
1.761934   1.713944   1.622634   1.438312   1.211188   1.001490   0.826155   0.636049   0.394229   0.119451   -0.161114   -0.429597   -0.676942   -0.897889   -1.090015   -1.253156   -1.389062   -1.501433   -1.595204   -1.676435   -1.750322   -1.818903   -1.882368   -1.940744   -1.994071   -2.042401   -2.085798   -2.124331   -2.158075   -2.187112   -2.211532   -2.231433   -2.246918   -2.258097   -2.265089   -2.268013   
1.765943   1.721789   1.640548   1.464170   1.228304   1.010181   0.827545   0.629875   0.377622   0.091287   -0.200397   -0.479322   -0.735926   -0.964844   -1.163621   -1.332121   -1.472514   -1.588523   -1.685498   -1.769872   -1.846831   -1.918284   -1.984376   -2.045136   -2.100607   -2.150845   -2.195916   -2.235891   -2.270849   -2.300876   -2.326068   -2.346527   -2.362364   -2.373694   -2.380641   -2.383334   
1.769273   1.727859   1.654705   1.488577   1.245564   1.018834   0.828505   0.623011   0.360303   0.062304   -0.240873   -0.530386   -0.796441   -1.033491   -1.238983   -1.413129   -1.558023   -1.677756   -1.778081   -1.865666   -1.945775   -2.020162   -2.088938   -2.152132   -2.209793   -2.261978   -2.308756   -2.350200   -2.386393   -2.417427   -2.443402   -2.464426   -2.480616   -2.492093   -2.498989   -2.501438   
1.772079   1.732505   1.665792   1.511297   1.262719   1.027540   0.829000   0.615514   0.342389   0.032319   -0.282468   -0.582790   -0.858487   -1.103752   -1.316281   -1.496095   -1.645578   -1.769188   -1.872928   -1.963820   -2.047155   -2.124539   -2.196054   -2.261734   -2.321629   -2.375800   -2.424317   -2.467258   -2.504708   -2.536764   -2.563533   -2.585129   -2.601673   -2.613295   -2.620131   -2.622326   
1.774458   1.736110   1.674505   1.532146   1.279931   1.036245   0.829030   0.607554   0.323666   0.001444   -0.325184   -0.636535   -0.922043   -1.175820   -1.395427   -1.581004   -1.735241   -1.862791   -1.970042   -2.064335   -2.150971   -2.231413   -2.305724   -2.373940   -2.436115   -2.492312   -2.542601   -2.587064   -2.625793   -2.658888   -2.686463   -2.708636   -2.725536   -2.737299   -2.744069   -2.745996   
1.776480   1.739012   1.681563   1.550675   1.297196   1.044891   0.828616   0.598915   0.304271   -0.030317   -0.369021   -0.691612   -0.987118   -1.249602   -1.476396   -1.667927   -1.826984   -1.958569   -2.069427   -2.167212   -2.257222   -2.340785   -2.417949   -2.488753   -2.553252   -2.611512   -2.663606   -2.709619   -2.749648   -2.783799   -2.812190   -2.834947   -2.852204   -2.864105   -2.870800   -2.872448   
1.778213   1.741319   1.687325   1.566935   1.314492   1.053425   0.827853   0.589773   0.284216   -0.062959   -0.413974   -0.747979   -1.053812   -1.325065   -1.559268   -1.756828   -1.920810   -2.056526   -2.171086   -2.272452   -2.365910   -2.452656   -2.532729   -2.606171   -2.673040   -2.733402   -2.787333   -2.834923   -2.876273   -2.911496   -2.940715   -2.964062   -2.981678   -2.993713   -3.000326   -3.001684   
1.779708   1.743334   1.691768   1.580957   1.331783   1.061916   0.826543   0.580166   0.263507   -0.096476   -0.459973   -0.805795   -1.122019   -1.402300   -1.644004   -1.847712   -2.016722   -2.156665   -2.275019   -2.380056   -2.477033   -2.567024   -2.650064   -2.726196   -2.795478   -2.857980   -2.913780   -2.962974   -3.005668   -3.041980   -3.072037   -3.095980   -3.113956   -3.126123   -3.132647   -3.133702   
1.780938   1.744863   1.695143   1.592882   1.349025   1.070057   0.824832   0.570120   0.242153   -0.130774   -0.507214   -0.864925   -1.191838   -1.481262   -1.730608   -1.940582   -2.114725   -2.258988   -2.381230   -2.490026   -2.590593   -2.683892   -2.769955   -2.848827   -2.920567   -2.985247   -3.042949   -3.093774   -3.137833   -3.175249   -3.206157   -3.230702   -3.249040   -3.261335   -3.267761   -3.268503   
1.782075   1.746100   1.697619   1.602890   1.366222   1.077968   0.822739   0.559656   0.220228   -0.166080   -0.555584   -0.925476   -1.263220   -1.561954   -1.819082   -2.035441   -2.214821   -2.363497   -2.489721   -2.602361   -2.706590   -2.803259   -2.892401   -2.974064   -3.048306   -3.115202   -3.174840   -3.227322   -3.272767   -3.311304   -3.343073   -3.368227   -3.386928   -3.399348   -3.405671   -3.406086   


# Torque coefficient

-0.002403   -0.001973   -0.001543   -0.001116   -0.000691   -0.000268   0.000151   0.000567   0.000980   0.001388   0.001792   0.002192   0.002586   0.002975   0.003360   0.003738   0.004112   0.004481   0.004845   0.005203   0.005557   0.005907   0.006252   0.006593   0.006930   0.007264   0.007595   0.007924   0.008250   0.008575   0.008898   0.009221   0.009543   0.009865   0.010188   0.010511   
-0.003914   -0.003339   -0.002765   -0.002194   -0.001625   -0.001059   -0.000495   0.000066   0.000624   0.001180   0.001734   0.002285   0.002834   0.003381   0.003926   0.004469   0.005011   0.005551   0.006091   0.006629   0.007167   0.007705   0.008243   0.008781   0.009319   0.009858   0.010398   0.010939   0.011482   0.012026   0.012572   0.013119   0.013669   0.014222   0.014774   0.015325   
-0.004604   -0.003759   -0.002916   -0.002073   -0.001232   -0.000392   0.000446   0.001283   0.002118   0.002951   0.003784   0.004615   0.005444   0.006271   0.007096   0.007920   0.008742   0.009562   0.010380   0.011196   0.012010   0.012822   0.013632   0.014439   0.015241   0.016031   0.016799   0.017531   0.018208   0.018812   0.019323   0.019728   0.020010   0.020151   0.020130   0.019938   
-0.004146   -0.002930   -0.001717   -0.000507   0.000700   0.001903   0.003101   0.004295   0.005483   0.006666   0.007844   0.009014   0.010178   0.011334   0.012482   0.013622   0.014753   0.015872   0.016972   0.018039   0.019054   0.019986   0.020807   0.021490   0.022015   0.022363   0.022512   0.022439   0.022134   0.021598   0.020863   0.019973   0.018940   0.017793   0.016605   0.015379   
-0.002657   -0.001002   0.000644   0.002280   0.003906   0.005519   0.007120   0.008707   0.010279   0.011835   0.013375   0.014896   0.016397   0.017870   0.019302   0.020663   0.021918   0.023023   0.023941   0.024645   0.025116   0.025329   0.025255   0.024873   0.024179   0.023212   0.022043   0.020697   0.019222   0.017705   0.016116   0.014401   0.012603   0.010693   0.008686   0.006662   
-0.000363   0.001773   0.003889   0.005982   0.008051   0.010094   0.012110   0.014097   0.016052   0.017971   0.019842   0.021639   0.023320   0.024829   0.026114   0.027135   0.027871   0.028294   0.028368   0.028055   0.027340   0.026251   0.024886   0.023293   0.021501   0.019574   0.017558   0.015421   0.013148   0.010724   0.008232   0.005745   0.003267   0.000837   -0.001546   -0.003872   
0.002520   0.005161   0.007764   0.010327   0.012846   0.015318   0.017741   0.020102   0.022380   0.024529   0.026486   0.028179   0.029555   0.030586   0.031246   0.031486   0.031257   0.030536   0.029344   0.027782   0.025919   0.023765   0.021353   0.018824   0.016217   0.013441   0.010490   0.007474   0.004444   0.001451   -0.001480   -0.004318   -0.007044   -0.009668   -0.012208   -0.014679   
0.005810   0.008968   0.012063   0.015092   0.018050   0.020925   0.023686   0.026282   0.028632   0.030654   0.032288   0.033505   0.034269   0.034518   0.034199   0.033293   0.031829   0.029917   0.027616   0.024899   0.021882   0.018814   0.015700   0.012349   0.008814   0.005206   0.001619   -0.001900   -0.005286   -0.008513   -0.011594   -0.014554   -0.017424   -0.020232   -0.022997   -0.025732   
0.009357   0.013029   0.016609   0.020084   0.023428   0.026593   0.029494   0.032033   0.034132   0.035749   0.036846   0.037358   0.037219   0.036387   0.034855   0.032722   0.030094   0.026952   0.023424   0.019861   0.016325   0.012518   0.008429   0.004234   0.000051   -0.004018   -0.007895   -0.011567   -0.015062   -0.018424   -0.021692   -0.024897   -0.028058   -0.031193   -0.034319   -0.037449   
0.013029   0.017202   0.021232   0.025081   0.028678   0.031920   0.034700   0.036949   0.038625   0.039670   0.040003   0.039545   0.038233   0.036101   0.033340   0.030019   0.026170   0.022113   0.018170   0.014087   0.009577   0.004816   0.000022   -0.004649   -0.009099   -0.013314   -0.017320   -0.021160   -0.024879   -0.028514   -0.032102   -0.035671   -0.039244   -0.042835   -0.046454   -0.050102   
0.016697   0.021329   0.025730   0.029816   0.033469   0.036577   0.039072   0.040904   0.041997   0.042236   0.041505   0.039754   0.037127   0.033879   0.030033   0.025680   0.021237   0.016931   0.012303   0.007137   0.001764   -0.003562   -0.008687   -0.013558   -0.018179   -0.022579   -0.026806   -0.030918   -0.034969   -0.039000   -0.043041   -0.047111   -0.051225   -0.055390   -0.059608   -0.063878   
0.020212   0.025224   0.029868   0.034017   0.037554   0.040404   0.042505   0.043738   0.043949   0.043033   0.041001   0.038082   0.034541   0.030367   0.025662   0.020889   0.016247   0.011143   0.005394   -0.000561   -0.006417   -0.012037   -0.017377   -0.022447   -0.027281   -0.031944   -0.036504   -0.041023   -0.045545   -0.050101   -0.054716   -0.059402   -0.064164   -0.069001   -0.073908   -0.078883   
0.023398   0.028665   0.033396   0.037465   0.040780   0.043242   0.044696   0.045003   0.044091   0.042018   0.039037   0.035413   0.031102   0.026176   0.021105   0.016169   0.010694   0.004426   -0.002085   -0.008485   -0.014632   -0.020486   -0.026057   -0.031387   -0.036539   -0.041591   -0.046614   -0.051662   -0.056772   -0.061968   -0.067263   -0.072657   -0.078147   -0.083732   -0.089405   -0.095163   
0.026064   0.031419   0.036081   0.039940   0.042852   0.044661   0.045253   0.044595   0.042760   0.039967   0.036464   0.032203   0.027200   0.021868   0.016665   0.010959   0.004292   -0.002741   -0.009694   -0.016406   -0.022828   -0.028963   -0.034843   -0.040532   -0.046114   -0.051673   -0.057277   -0.062965   -0.068766   -0.074691   -0.080742   -0.086918   -0.093214   -0.099624   -0.106142   -0.112758   
0.027862   0.033141   0.037573   0.041030   0.043372   0.044490   0.044377   0.043083   0.040736   0.037555   0.033530   0.028624   0.023136   0.017686   0.011893   0.005009   -0.002488   -0.009998   -0.017309   -0.024347   -0.031095   -0.037577   -0.043853   -0.050006   -0.056130   -0.062307   -0.068587   -0.075004   -0.081575   -0.088304   -0.095189   -0.102224   -0.109401   -0.116710   -0.124141   -0.131686   
0.028174   0.033278   0.037432   0.040485   0.042419   0.043169   0.042712   0.041089   0.038447   0.034862   0.030273   0.024845   0.019183   0.013379   0.006511   -0.001324   -0.009368   -0.017289   -0.024972   -0.032377   -0.039515   -0.046429   -0.053193   -0.059908   -0.066670   -0.073550   -0.080590   -0.087815   -0.095235   -0.102844   -0.110636   -0.118600   -0.126726   -0.135002   -0.143418   -0.151961   
0.026532   0.031442   0.035525   0.038605   0.040528   0.041233   0.040645   0.038832   0.035929   0.031910   0.026828   0.021103   0.015280   0.008632   0.000702   -0.007795   -0.016304   -0.024642   -0.032739   -0.040575   -0.048172   -0.055593   -0.062930   -0.070293   -0.077777   -0.085442   -0.093324   -0.101436   -0.109776   -0.118334   -0.127099   -0.136059   -0.145201   -0.154512   -0.163979   -0.173588   
0.023123   0.028059   0.032337   0.035788   0.038041   0.038898   0.038305   0.036389   0.033221   0.028800   0.023341   0.017483   0.011135   0.003444   -0.005308   -0.014341   -0.023316   -0.032111   -0.040673   -0.048995   -0.057117   -0.065117   -0.073107   -0.081203   -0.089491   -0.098022   -0.106821   -0.115887   -0.125212   -0.134784   -0.144588   -0.154609   -0.164833   -0.175245   -0.185828   -0.196569   
0.018942   0.023989   0.028482   0.032307   0.035113   0.036282   0.035790   0.033811   0.030387   0.025612   0.019912   0.013815   0.006628   -0.002018   -0.011426   -0.020972   -0.030441   -0.039734   -0.048810   -0.057676   -0.066388   -0.075043   -0.083766   -0.092676   -0.101845   -0.111314   -0.121094   -0.131179   -0.141554   -0.152203   -0.163109   -0.174256   -0.185626   -0.197201   -0.208966   -0.220903   
0.014584   0.019845   0.024511   0.028588   0.031861   0.033479   0.033170   0.031135   0.027468   0.022401   0.016542   0.009924   0.001810   -0.007648   -0.017632   -0.027706   -0.037706   -0.047542   -0.057183   -0.066653   -0.076023   -0.085407   -0.094942   -0.104737   -0.114856   -0.125329   -0.136155   -0.147321   -0.158807   -0.170595   -0.182665   -0.195000   -0.207578   -0.220382   -0.233393   -0.246592   
0.010179   0.015737   0.020622   0.024891   0.028454   0.030563   0.030470   0.028381   0.024496   0.019210   0.013103   0.005771   -0.003231   -0.013386   -0.023932   -0.034566   -0.045138   -0.055564   -0.065826   -0.075959   -0.086053   -0.096237   -0.106653   -0.117402   -0.128539   -0.140079   -0.152012   -0.164317   -0.176974   -0.189961   -0.203257   -0.216841   -0.230692   -0.244788   -0.259109   -0.273635   
0.005764   0.011679   0.016831   0.021269   0.025032   0.027562   0.027701   0.025565   0.021488   0.016027   0.009504   0.001396   -0.008425   -0.019213   -0.030344   -0.041576   -0.052763   -0.063829   -0.074764   -0.085620   -0.096501   -0.107552   -0.118916   -0.130686   -0.142903   -0.155570   -0.168667   -0.182170   -0.196056   -0.210303   -0.224885   -0.239781   -0.254966   -0.270418   -0.286114   -0.302032   
0.001351   0.007661   0.013114   0.017733   0.021619   0.024475   0.024863   0.022697   0.018469   0.012795   0.005735   -0.003166   -0.013735   -0.025140   -0.036889   -0.048759   -0.060605   -0.072358   -0.084019   -0.095654   -0.107384   -0.119368   -0.131745   -0.144598   -0.157955   -0.171804   -0.186121   -0.200879   -0.216054   -0.231620   -0.247550   -0.263818   -0.280401   -0.297272   -0.314407   -0.331782   
-0.003045   0.003680   0.009445   0.014254   0.018220   0.021308   0.021969   0.019791   0.015431   0.009464   0.001807   -0.007878   -0.019146   -0.031183   -0.043588   -0.056135   -0.068682   -0.081167   -0.093605   -0.106076   -0.118717   -0.131696   -0.145148   -0.159143   -0.173695   -0.188781   -0.204375   -0.220446   -0.236969   -0.253913   -0.271251   -0.288954   -0.306997   -0.325351   -0.343989   -0.362885   
-0.007425   -0.000280   0.005804   0.010816   0.014866   0.018086   0.019021   0.016853   0.012345   0.006024   -0.002270   -0.012717   -0.024663   -0.037361   -0.050455   -0.063717   -0.077007   -0.090272   -0.103539   -0.116901   -0.130511   -0.144545   -0.159130   -0.174324   -0.190125   -0.206503   -0.223429   -0.240872   -0.258799   -0.277182   -0.295988   -0.315189   -0.334754   -0.354653   -0.374859   -0.395340   
-0.011764   -0.004219   0.002183   0.007404   0.011550   0.014831   0.016019   0.013872   0.009189   0.002473   -0.006488   -0.017673   -0.030293   -0.043683   -0.057501   -0.071517   -0.085594   -0.099685   -0.113830   -0.128138   -0.142774   -0.157920   -0.173695   -0.190142   -0.207245   -0.224971   -0.243285   -0.262155   -0.281547   -0.301427   -0.321762   -0.342521   -0.363671   -0.385179   -0.407015   -0.429146   
-0.016034   -0.008146   -0.001430   0.004009   0.008259   0.011557   0.012945   0.010823   0.005955   -0.001191   -0.010837   -0.022738   -0.036045   -0.050160   -0.064740   -0.079549   -0.094453   -0.109416   -0.124488   -0.139793   -0.155510   -0.171825   -0.188846   -0.206599   -0.225058   -0.244185   -0.263943   -0.284297   -0.305211   -0.326648   -0.348573   -0.370952   -0.393748   -0.416928   -0.440457   -0.464302   
-0.020177   -0.012061   -0.005044   0.000618   0.004976   0.008272   0.009785   0.007700   0.002650   -0.004968   -0.015304   -0.027913   -0.041933   -0.056805   -0.072181   -0.087820   -0.103593   -0.119472   -0.135518   -0.151872   -0.168726   -0.186264   -0.204585   -0.223696   -0.243563   -0.264145   -0.285403   -0.307298   -0.329792   -0.352845   -0.376420   -0.400479   -0.424984   -0.449899   -0.475185   -0.500807   
-0.024091   -0.015960   -0.008667   -0.002781   0.001689   0.004972   0.006566   0.004516   -0.000730   -0.008858   -0.019885   -0.033204   -0.047962   -0.063624   -0.079829   -0.096336   -0.113019   -0.129857   -0.146927   -0.164380   -0.182424   -0.201241   -0.220913   -0.241433   -0.262760   -0.284851   -0.307665   -0.331158   -0.355290   -0.380018   -0.405303   -0.431104   -0.457380   -0.484090   -0.511197   -0.538658   
-0.027672   -0.019823   -0.012304   -0.006192   -0.001613   0.001654   0.003316   0.001279   -0.004194   -0.012860   -0.024575   -0.038614   -0.054139   -0.070622   -0.087692   -0.105105   -0.122737   -0.140579   -0.158718   -0.177321   -0.196609   -0.216756   -0.237830   -0.259810   -0.282650   -0.306305   -0.330728   -0.355876   -0.381704   -0.408167   -0.435222   -0.462825   -0.490933   -0.519503   -0.548491   -0.577857   
-0.030873   -0.023596   -0.015955   -0.009625   -0.004941   -0.001685   0.000033   -0.002010   -0.007747   -0.016970   -0.029374   -0.044148   -0.060470   -0.077806   -0.095775   -0.114130   -0.132752   -0.151641   -0.170896   -0.190701   -0.211282   -0.232811   -0.255338   -0.278828   -0.303233   -0.328505   -0.354594   -0.381453   -0.409035   -0.437291   -0.466176   -0.495642   -0.525644   -0.556134   -0.587068   -0.618400   
-0.033696   -0.027202   -0.019619   -0.013088   -0.008305   -0.005045   -0.003285   -0.005355   -0.011392   -0.021183   -0.034281   -0.049811   -0.066959   -0.085180   -0.104082   -0.123417   -0.143069   -0.163048   -0.183466   -0.204520   -0.226447   -0.249408   -0.273436   -0.298487   -0.324509   -0.351452   -0.379262   -0.407888   -0.437281   -0.467390   -0.498164   -0.529555   -0.561511   -0.593985   -0.626926   -0.660287   
-0.036168   -0.030565   -0.023288   -0.016587   -0.011704   -0.008426   -0.006645   -0.008763   -0.015130   -0.025499   -0.039300   -0.055609   -0.073612   -0.092748   -0.112618   -0.132969   -0.153691   -0.174802   -0.196429   -0.218782   -0.242104   -0.266546   -0.292124   -0.318787   -0.346479   -0.375145   -0.404731   -0.435182   -0.466444   -0.498464   -0.531188   -0.564562   -0.598535   -0.633053   -0.668065   -0.703518   
-0.038324   -0.033646   -0.026945   -0.020124   -0.015137   -0.011834   -0.010056   -0.012241   -0.018960   -0.029915   -0.044433   -0.061544   -0.080431   -0.100515   -0.121386   -0.142790   -0.164622   -0.186908   -0.209788   -0.233488   -0.258254   -0.284226   -0.311403   -0.339728   -0.369141   -0.399586   -0.431002   -0.463334   -0.496523   -0.530512   -0.565245   -0.600664   -0.636714   -0.673339   -0.710483   -0.748091   
-0.040208   -0.036437   -0.030553   -0.023701   -0.018602   -0.015277   -0.013524   -0.015797   -0.022883   -0.034432   -0.049682   -0.067621   -0.087420   -0.108483   -0.130389   -0.152883   -0.175863   -0.199367   -0.223546   -0.248639   -0.274898   -0.302448   -0.331273   -0.361309   -0.392497   -0.424773   -0.458075   -0.492344   -0.527517   -0.563534   -0.600335   -0.637860   -0.676048   -0.714841   -0.754180   -0.794006   
-0.041856   -0.038935   -0.034058   -0.027315   -0.022101   -0.018761   -0.017060   -0.019437   -0.026896   -0.039050   -0.055049   -0.073842   -0.094582   -0.116655   -0.139631   -0.163251   -0.187419   -0.212181   -0.237703   -0.264238   -0.292037   -0.321213   -0.351733   -0.383532   -0.416545   -0.450706   -0.485950   -0.522211   -0.559426   -0.597530   -0.636459   -0.676149   -0.716537   -0.757560   -0.799155   -0.841261   
-0.043296   -0.041148   -0.037394   -0.030958   -0.025635   -0.022292   -0.020680   -0.023163   -0.030999   -0.043769   -0.060538   -0.080209   -0.101920   -0.125035   -0.149113   -0.173896   -0.199290   -0.225352   -0.252262   -0.280284   -0.309672   -0.340519   -0.372784   -0.406396   -0.441287   -0.477386   -0.514626   -0.552936   -0.592250   -0.632499   -0.673615   -0.715531   -0.758179   -0.801493   -0.845408   -0.889857   
-0.044556   -0.043114   -0.040507   -0.034620   -0.029209   -0.025876   -0.024392   -0.026976   -0.035191   -0.048592   -0.066151   -0.086727   -0.109436   -0.133624   -0.158839   -0.184819   -0.211478   -0.238882   -0.267223   -0.296779   -0.327801   -0.360368   -0.394425   -0.429901   -0.466721   -0.504813   -0.544103   -0.584519   -0.625989   -0.668441   -0.711803   -0.756005   -0.800974   -0.846642   -0.892937   -0.939791   
-0.045671   -0.044883   -0.043367   -0.038285   -0.032824   -0.029518   -0.028189   -0.030873   -0.039473   -0.053520   -0.071889   -0.093396   -0.117132   -0.142424   -0.168809   -0.196023   -0.223985   -0.252772   -0.282589   -0.313724   -0.346426   -0.380758   -0.416658   -0.454047   -0.492848   -0.532985   -0.574381   -0.616958   -0.660642   -0.705356   -0.751024   -0.797571   -0.844923   -0.893005   -0.941743   -0.991065   
-0.046684   -0.046486   -0.045968   -0.041931   -0.036485   -0.033220   -0.032053   -0.034852   -0.043844   -0.058554   -0.077754   -0.100219   -0.125011   -0.151437   -0.179025   -0.207509   -0.236813   -0.267023   -0.298358   -0.331118   -0.365547   -0.401692   -0.439481   -0.478834   -0.519668   -0.561904   -0.605460   -0.650255   -0.696209   -0.743243   -0.791276   -0.840229   -0.890023   -0.940581   -0.991825   -1.043676   
-0.047624   -0.047939   -0.048318   -0.045530   -0.040193   -0.036987   -0.035978   -0.038909   -0.048306   -0.063696   -0.083750   -0.107198   -0.133074   -0.160665   -0.189489   -0.219278   -0.249962   -0.281636   -0.314533   -0.348962   -0.385163   -0.423167   -0.462895   -0.504261   -0.547181   -0.591569   -0.637339   -0.684408   -0.732691   -0.782102   -0.832559   -0.883978   -0.936276   -0.989371   -1.043181   -1.097626   
-0.048512   -0.049260   -0.050442   -0.049044   -0.043951   -0.040820   -0.039963   -0.043042   -0.052858   -0.068948   -0.089877   -0.114333   -0.141321   -0.170109   -0.200202   -0.231333   -0.263433   -0.296612   -0.331113   -0.367257   -0.405275   -0.445184   -0.486899   -0.530330   -0.575386   -0.621980   -0.670020   -0.719418   -0.770085   -0.821933   -0.874873   -0.928818   -0.983680   -1.039374   -1.095813   -1.152912   
-0.049360   -0.050473   -0.052385   -0.052435   -0.047758   -0.044720   -0.044007   -0.047251   -0.057503   -0.074310   -0.096136   -0.121626   -0.149755   -0.179770   -0.211166   -0.243673   -0.277228   -0.311952   -0.348100   -0.386002   -0.425883   -0.467744   -0.511494   -0.557039   -0.604284   -0.653136   -0.703501   -0.755284   -0.808394   -0.862736   -0.918218   -0.974749   -1.032236   -1.090590   -1.149719   -1.209535   
-0.050174   -0.051606   -0.054191   -0.055666   -0.051615   -0.048688   -0.048111   -0.051535   -0.062240   -0.079784   -0.102529   -0.129079   -0.158377   -0.189649   -0.222381   -0.256299   -0.291348   -0.327656   -0.365493   -0.405198   -0.446987   -0.490846   -0.536680   -0.584389   -0.633875   -0.685039   -0.737782   -0.792007   -0.847615   -0.904510   -0.962593   -1.021769   -1.081943   -1.143018   -1.204900   -1.267495   
-0.050960   -0.052685   -0.055893   -0.058712   -0.055520   -0.052723   -0.052279   -0.055894   -0.067072   -0.085370   -0.109057   -0.136692   -0.167188   -0.199748   -0.233848   -0.269213   -0.305792   -0.343725   -0.383293   -0.424844   -0.468586   -0.514491   -0.562456   -0.612380   -0.664158   -0.717687   -0.772863   -0.829585   -0.887750   -0.947255   -1.007999   -1.069881   -1.132800   -1.196658   -1.261354   -1.326791   
-0.051723   -0.053724   -0.057502   -0.061564   -0.059470   -0.056826   -0.056511   -0.060330   -0.071998   -0.091070   -0.115721   -0.144467   -0.176188   -0.210068   -0.245569   -0.282415   -0.320562   -0.360159   -0.401500   -0.444941   -0.490681   -0.538677   -0.588823   -0.641011   -0.695133   -0.751080   -0.808745   -0.868020   -0.928797   -0.990971   -1.054434   -1.119081   -1.184808   -1.251509   -1.319082   -1.387422   
-0.052467   -0.054735   -0.059022   -0.064231   -0.063461   -0.060995   -0.060809   -0.064843   -0.077021   -0.096884   -0.122522   -0.152405   -0.185380   -0.220608   -0.257543   -0.295906   -0.335657   -0.376958   -0.420114   -0.465490   -0.513271   -0.563406   -0.615781   -0.670283   -0.726800   -0.785219   -0.845426   -0.907310   -0.970757   -1.035657   -1.101899   -1.169372   -1.237966   -1.307572   -1.378082   -1.449388   
-0.053196   -0.055723   -0.060461   -0.066735   -0.067485   -0.065230   -0.065174   -0.069435   -0.082140   -0.102814   -0.129461   -0.160506   -0.194763   -0.231371   -0.269772   -0.309686   -0.351079   -0.394123   -0.439137   -0.486489   -0.536358   -0.588677   -0.643329   -0.700196   -0.759160   -0.820103   -0.882907   -0.947455   -1.013630   -1.081315   -1.150394   -1.220752   -1.292274   -1.364846   -1.438356   -1.512690   
-0.053914   -0.056692   -0.061830   -0.069101   -0.071535   -0.069530   -0.069608   -0.074108   -0.087356   -0.108861   -0.136539   -0.168772   -0.204338   -0.242355   -0.282255   -0.323756   -0.366828   -0.411655   -0.458566   -0.507940   -0.559940   -0.614490   -0.671467   -0.730749   -0.792212   -0.855733   -0.921188   -0.988456   -1.057415   -1.127942   -1.199918   -1.273221   -1.347732   -1.423332   -1.499902   -1.577326   

