# ----- Rotor performance tables for the NLR90kW wind turbine ----- 
# ------------ Written on Sep-28-26 using the ROSCO toolbox ------------ 

# Pitch angle vector, 36 entries - x axis (matrix columns) (deg)
-5.0   -4.0   -3.0   -2.0   -1.0   0.0   1.0   2.0   3.0   4.0   5.0   6.0   7.0   8.0   9.0   10.0   11.0   12.0   13.0   14.0   15.0   16.0   17.0   18.0   19.0   20.0   21.0   22.0   23.0   24.0   25.0   26.0   27.0   28.0   29.0   30.0   
# TSR vector, 49 entries - y axis (matrix rows) (-)
0.5    1.0    1.5    2.0    2.5    3.0    3.5    4.0    4.5    5.0    5.5    6.0    6.5    7.0    7.5    8.0    8.5    9.0    9.5    10.0    10.5    11.0    11.5    12.0    12.5    13.0    13.5    14.0    14.5    15.0    15.5    16.0    16.5    17.0    17.5    18.0    18.5    19.0    19.5    20.0    20.5    21.0    21.5    22.0    22.5    23.0    23.5    24.0    24.5    
# Wind speed vector - z axis (m/s)
7.5    

# Power coefficient

0.000247   0.000437   0.000627   0.000817   0.001007   0.001197   0.001387   0.001576   0.001764   0.001949   0.002132   0.002314   0.002494   0.002673   0.002850   0.003026   0.003201   0.003375   0.003547   0.003719   0.003889   0.004058   0.004226   0.004394   0.004560   0.004725   0.004889   0.005052   0.005214   0.005376   0.005536   0.005696   0.005855   0.006014   0.006172   0.006330   
0.001991   0.002482   0.002971   0.003459   0.003945   0.004429   0.004912   0.005393   0.005873   0.006350   0.006826   0.007300   0.007772   0.008243   0.008711   0.009177   0.009642   0.010104   0.010566   0.011027   0.011489   0.011953   0.012418   0.012884   0.013351   0.013815   0.014274   0.014727   0.015172   0.015605   0.016027   0.016433   0.016824   0.017199   0.017570   0.017951   
0.006757   0.007755   0.008751   0.009743   0.010731   0.011715   0.012696   0.013675   0.014655   0.015635   0.016619   0.017605   0.018590   0.019570   0.020541   0.021497   0.022432   0.023344   0.024229   0.025084   0.025904   0.026687   0.027443   0.028195   0.028975   0.029808   0.030686   0.031554   0.032309   0.032831   0.033010   0.032786   0.032169   0.031235   0.030076   0.028746   
0.016113   0.017900   0.019691   0.021489   0.023290   0.025087   0.026869   0.028624   0.030340   0.032007   0.033618   0.035164   0.036640   0.038043   0.039393   0.040734   0.042129   0.043623   0.045207   0.046788   0.048194   0.049212   0.049661   0.049432   0.048529   0.047082   0.045263   0.043185   0.040892   0.038388   0.035641   0.032674   0.029535   0.026234   0.022759   0.019164   
0.031558   0.034510   0.037406   0.040222   0.042937   0.045537   0.048007   0.050345   0.052568   0.054740   0.056961   0.059322   0.061850   0.064454   0.066917   0.068911   0.070082   0.070195   0.069207   0.067298   0.064750   0.061768   0.058452   0.054836   0.050893   0.046623   0.042090   0.037347   0.032401   0.027227   0.021891   0.016423   0.010886   0.005412   0.000141   -0.004807   
0.053616   0.057611   0.061386   0.064941   0.068313   0.071606   0.074969   0.078533   0.082339   0.086239   0.089884   0.092752   0.094325   0.094324   0.092767   0.089966   0.086295   0.082008   0.077234   0.071991   0.066298   0.060239   0.053876   0.047242   0.040314   0.033122   0.025729   0.018116   0.010354   0.002604   -0.004920   -0.011983   -0.018418   -0.024155   -0.029126   -0.033376   
0.080821   0.085664   0.090370   0.095165   0.100264   0.105677   0.111097   0.115994   0.119719   0.121678   0.121538   0.119336   0.115483   0.110441   0.104506   0.097834   0.090578   0.082848   0.074703   0.066167   0.057221   0.047942   0.038396   0.028548   0.018420   0.008065   -0.002381   -0.012642   -0.022346   -0.031145   -0.038744   -0.045027   -0.050216   -0.054709   -0.058683   -0.061279   
0.112619   0.119319   0.126405   0.133612   0.140431   0.146248   0.150308   0.151932   0.150757   0.147041   0.141324   0.134106   0.125833   0.116816   0.107188   0.096998   0.086230   0.074961   0.063306   0.051252   0.038827   0.026078   0.013006   -0.000380   -0.013939   -0.027308   -0.039880   -0.050903   -0.059965   -0.067239   -0.073185   -0.077556   -0.079538   -0.081845   -0.086454   -0.091756   
0.150747   0.159898   0.168605   0.176164   0.181646   0.184105   0.182986   0.178505   0.171384   0.162424   0.152190   0.141013   0.129004   0.116208   0.102796   0.088824   0.074293   0.059278   0.043850   0.028040   0.011830   -0.004827   -0.021929   -0.039083   -0.055381   -0.069796   -0.081702   -0.090987   -0.097037   -0.099374   -0.102161   -0.107492   -0.113692   -0.120662   -0.127879   -0.134697   
0.193778   0.203989   0.212092   0.216856   0.217313   0.213503   0.206226   0.196370   0.184651   0.171507   0.157227   0.142071   0.126110   0.109377   0.091978   0.073992   0.055468   0.036449   0.016955   -0.003120   -0.023841   -0.044987   -0.065907   -0.085448   -0.102242   -0.114914   -0.120668   -0.123296   -0.128674   -0.135075   -0.142594   -0.150931   -0.159197   -0.166953   -0.175119   -0.184652   
0.238594   0.247100   0.251211   0.250320   0.244797   0.235462   0.223169   0.208697   0.192729   0.175524   0.157199   0.137925   0.117818   0.096942   0.075345   0.053079   0.030158   0.006595   -0.017567   -0.042473   -0.068120   -0.093681   -0.117408   -0.136082   -0.145049   -0.150531   -0.157035   -0.163982   -0.172267   -0.181485   -0.190675   -0.200031   -0.211007   -0.223544   -0.236575   -0.249276   
0.280342   0.284872   0.283736   0.277274   0.266303   0.251998   0.235274   0.216672   0.196551   0.175166   0.152680   0.129177   0.104716   0.079331   0.053026   0.025977   -0.001664   -0.030094   -0.059655   -0.090436   -0.121459   -0.149265   -0.166461   -0.177872   -0.187140   -0.194491   -0.202631   -0.211991   -0.221919   -0.233160   -0.246888   -0.262230   -0.278028   -0.293521   -0.309204   -0.324490   
0.317184   0.316759   0.310268   0.298705   0.283115   0.264488   0.243621   0.220934   0.196688   0.171075   0.144197   0.116055   0.086711   0.056392   0.025224   -0.006841   -0.039858   -0.074310   -0.110594   -0.147158   -0.176588   -0.198002   -0.216123   -0.227045   -0.234940   -0.243252   -0.252856   -0.265216   -0.281203   -0.299210   -0.317856   -0.336495   -0.355636   -0.374221   -0.393016   -0.412280   
0.347987   0.342989   0.331899   0.315920   0.296226   0.273719   0.248903   0.222097   0.193557   0.163343   0.131586   0.098512   0.064180   0.028591   -0.008082   -0.045841   -0.085249   -0.126903   -0.168254   -0.200903   -0.232356   -0.256337   -0.269833   -0.277747   -0.285147   -0.296142   -0.312956   -0.333227   -0.354734   -0.376552   -0.399278   -0.421621   -0.444417   -0.467650   -0.490531   -0.514078   
0.373371   0.364363   0.349447   0.329826   0.306540   0.280270   0.251406   0.220215   0.187014   0.152050   0.115342   0.076893   0.036892   -0.004460   -0.046986   -0.091334   -0.138358   -0.182452   -0.221939   -0.264657   -0.296799   -0.314835   -0.322766   -0.329363   -0.342994   -0.363571   -0.387474   -0.412292   -0.438499   -0.464806   -0.491677   -0.519406   -0.546694   -0.574551   -0.603054   -0.632002   
0.393690   0.381762   0.363833   0.341065   0.314353   0.284153   0.251024   0.215484   0.177634   0.137447   0.095108   0.050832   0.004968   -0.042370   -0.091955   -0.143986   -0.191850   -0.238900   -0.291855   -0.334894   -0.360682   -0.370440   -0.377391   -0.392695   -0.415744   -0.442719   -0.471883   -0.502231   -0.532908   -0.565258   -0.597527   -0.630135   -0.663458   -0.697129   -0.731277   -0.765631   
0.409641   0.395766   0.375446   0.349743   0.319531   0.285584   0.248413   0.208158   0.165005   0.119183   0.071028   0.020896   -0.031433   -0.086219   -0.143160   -0.194745   -0.248439   -0.311294   -0.367060   -0.404712   -0.420720   -0.429776   -0.444928   -0.468834   -0.498621   -0.532423   -0.566868   -0.603288   -0.640738   -0.678338   -0.717077   -0.756104   -0.795435   -0.834973   -0.874931   -0.916313   
0.421524   0.406540   0.384231   0.355991   0.322718   0.284937   0.243198   0.197852   0.149241   0.097788   0.043552   -0.013462   -0.073285   -0.135440   -0.191940   -0.249533   -0.321100   -0.389658   -0.442684   -0.471352   -0.486179   -0.500420   -0.522989   -0.554903   -0.592654   -0.632169   -0.674438   -0.717151   -0.761165   -0.806215   -0.851484   -0.896903   -0.942235   -0.988679   -1.036582   -1.086045   
0.429196   0.414135   0.390754   0.360294   0.323662   0.281791   0.235410   0.185018   0.130893   0.073099   0.012010   -0.052576   -0.120101   -0.182114   -0.242085   -0.320442   -0.400236   -0.469624   -0.517124   -0.544363   -0.560257   -0.579537   -0.611392   -0.651868   -0.697125   -0.745140   -0.793835   -0.844653   -0.896388   -0.948486   -1.000365   -1.052398   -1.105797   -1.160607   -1.217190   -1.275690   
0.432894   0.419126   0.394945   0.362159   0.322274   0.276503   0.225627   0.169788   0.109411   0.045000   -0.023749   -0.096378   -0.168016   -0.226610   -0.309461   -0.398001   -0.482006   -0.550774   -0.598836   -0.623726   -0.640589   -0.669112   -0.710075   -0.760415   -0.814302   -0.869759   -0.927581   -0.986429   -1.045825   -1.104799   -1.164354   -1.225169   -1.287372   -1.351478   -1.417452   -1.485895   
0.432716   0.421003   0.396445   0.361813   0.319082   0.269476   0.213480   0.151847   0.085098   0.013146   -0.063828   -0.143808   -0.206736   -0.289026   -0.383481   -0.478940   -0.566367   -0.640859   -0.685713   -0.707290   -0.730543   -0.768297   -0.821260   -0.880891   -0.943577   -1.008732   -1.075130   -1.142194   -1.209063   -1.276819   -1.345615   -1.415786   -1.487787   -1.561683   -1.638552   -1.718384   
0.428263   0.419601   0.395648   0.359756   0.314121   0.260204   0.199110   0.131441   0.057559   -0.022579   -0.107767   -0.184778   -0.259946   -0.358042   -0.461458   -0.562455   -0.661469   -0.736454   -0.775484   -0.798729   -0.829188   -0.880349   -0.943900   -1.013929   -1.086825   -1.161212   -1.236348   -1.311761   -1.388394   -1.465854   -1.544619   -1.624978   -1.707345   -1.792837   -1.881862   -1.973998   
0.420022   0.415251   0.392851   0.355687   0.307107   0.249062   0.182517   0.108353   0.026645   -0.062066   -0.154201   -0.222545   -0.323235   -0.431470   -0.541079   -0.657402   -0.763916   -0.834617   -0.871655   -0.897019   -0.940495   -1.003560   -1.079463   -1.160495   -1.243325   -1.327014   -1.411471   -1.497529   -1.584456   -1.672518   -1.761848   -1.853254   -1.947772   -2.045948   -2.148229   -2.253708   
0.408929   0.407997   0.387578   0.349638   0.298379   0.235891   0.163700   0.082421   -0.007786   -0.104949   -0.186811   -0.279522   -0.391089   -0.506006   -0.630905   -0.761616   -0.870179   -0.938315   -0.972759   -1.006783   -1.062622   -1.139811   -1.228271   -1.320030   -1.412817   -1.506769   -1.602684   -1.699791   -1.797984   -1.897049   -1.998118   -2.102178   -2.209851   -2.321870   -2.438602   -2.558563   
0.395194   0.397516   0.380033   0.341799   0.287748   0.220806   0.142522   0.053365   -0.045536   -0.146951   -0.226864   -0.341356   -0.460864   -0.586762   -0.731816   -0.871470   -0.981825   -1.046104   -1.083170   -1.126731   -1.197515   -1.289210   -1.389769   -1.492254   -1.596162   -1.702379   -1.810154   -1.919314   -2.029038   -2.140507   -2.254744   -2.372429   -2.494401   -2.621547   -2.753970   -2.889647   
0.378820   0.384349   0.370221   0.332020   0.275363   0.203703   0.118720   0.021227   -0.086345   -0.177905   -0.282153   -0.406250   -0.531500   -0.680136   -0.839906   -0.986824   -1.098399   -1.161059   -1.202455   -1.258563   -1.345455   -1.451156   -1.563672   -1.678055   -1.795062   -1.913965   -2.034652   -2.156042   -2.278816   -2.403999   -2.532352   -2.664785   -2.802316   -2.945939   -3.095375   -3.248051   
0.360347   0.368732   0.358002   0.320443   0.261121   0.184426   0.092193   -0.013864   -0.129474   -0.213687   -0.341227   -0.470747   -0.613173   -0.781737   -0.952938   -1.109432   -1.219874   -1.284300   -1.331483   -1.403227   -1.505721   -1.625383   -1.750715   -1.879064   -2.009611   -2.142288   -2.276064   -2.411201   -2.548284   -2.688115   -2.831680   -2.980088   -3.134510   -3.296041   -3.463877   -3.634838   
0.339875   0.350853   0.343492   0.306949   0.244956   0.162859   0.062944   -0.051781   -0.160718   -0.265875   -0.402342   -0.537861   -0.705152   -0.889071   -1.074315   -1.236384   -1.350037   -1.414781   -1.472537   -1.559823   -1.678154   -1.812289   -1.952555   -2.095356   -2.240541   -2.387235   -2.535539   -2.685688   -2.837998   -2.993548   -3.153519   -3.319196   -3.491925   -3.672861   -3.860521   -4.051056   
0.317516   0.330967   0.326645   0.291488   0.226813   0.138903   0.031033   -0.092235   -0.182352   -0.321401   -0.461438   -0.617400   -0.803954   -1.002511   -1.201422   -1.372068   -1.486418   -1.556063   -1.624612   -1.728335   -1.862821   -2.013518   -2.169288   -2.327592   -2.487823   -2.649759   -2.813982   -2.980020   -3.148609   -3.321041   -3.498675   -3.682988   -3.875519   -4.077407   -4.286338   -4.497762   
0.293469   0.309094   0.307501   0.274045   0.206602   0.112511   -0.003473   -0.134417   -0.230032   -0.378669   -0.523524   -0.705093   -0.907308   -1.124348   -1.335032   -1.515183   -1.631748   -1.707021   -1.787881   -1.908576   -2.061262   -2.229265   -2.401434   -2.575936   -2.752052   -2.930879   -3.111855   -3.294806   -3.480815   -3.671351   -3.867971   -4.072362   -4.286254   -4.510674   -4.742341   -4.976024   
0.267711   0.285341   0.286160   0.254577   0.184231   0.083694   -0.040482   -0.161600   -0.281304   -0.433231   -0.598272   -0.798669   -1.017498   -1.250817   -1.478657   -1.665005   -1.786526   -1.867698   -1.962196   -2.101795   -2.273960   -2.459826   -2.649417   -2.840497   -3.034450   -3.231003   -3.429717   -3.630702   -3.835328   -4.045247   -4.262245   -4.488212   -4.725091   -4.973649   -5.229544   -5.486914   
0.240198   0.259796   0.262766   0.233007   0.159625   0.052481   -0.079814   -0.193389   -0.334622   -0.487939   -0.680144   -0.895857   -1.135170   -1.385801   -1.629324   -1.825025   -1.949995   -2.038197   -2.148497   -2.308833   -2.500979   -2.705825   -2.912964   -3.122704   -3.335383   -3.550645   -3.768180   -3.988378   -4.212866   -4.443515   -4.682337   -4.931432   -5.192985   -5.467311   -5.748966   -6.031503   
0.210950   0.232497   0.237348   0.209249   0.132745   0.018911   -0.121054   -0.222532   -0.387585   -0.555139   -0.767236   -0.999439   -1.256965   -1.530125   -1.788766   -1.993484   -2.122316   -2.218953   -2.347744   -2.529721   -2.742938   -2.967012   -3.193396   -3.422941   -3.655316   -3.890369   -4.127875   -4.368508   -4.614166   -4.866942   -5.129087   -5.402914   -5.690879   -5.992642   -6.301630   -6.610859   
0.179909   0.203505   0.209925   0.183222   0.103586   -0.016975   -0.162967   -0.271293   -0.434394   -0.630125   -0.857455   -1.110147   -1.387387   -1.681694   -1.958413   -2.170332   -2.303435   -2.411058   -2.560360   -2.764831   -2.999930   -3.243971   -3.491336   -3.741616   -3.994773   -4.250762   -4.509435   -4.771780   -5.039964   -5.316317   -5.603331   -5.903546   -6.219710   -6.550629   -6.888561   -7.226034   
0.147014   0.172796   0.180517   0.154855   0.072159   -0.055120   -0.186158   -0.321547   -0.488568   -0.709880   -0.952030   -1.223972   -1.526755   -1.842360   -2.136771   -2.355628   -2.494466   -2.615339   -2.786396   -3.014644   -3.271704   -3.537874   -3.807115   -4.079203   -4.354303   -4.632420   -4.913504   -5.198888   -5.491002   -5.792426   -6.105903   -6.434222   -6.780412   -7.142254   -7.510788   -7.878075   
0.112207   0.140336   0.149104   0.124093   0.038474   -0.095400   -0.201256   -0.369937   -0.555629   -0.793451   -1.054167   -1.345313   -1.673083   -2.013263   -2.323768   -2.549468   -2.695892   -2.832048   -3.026403   -3.278927   -3.559546   -3.848986   -4.141152   -4.436212   -4.734465   -5.035942   -5.340732   -5.650527   -5.968019   -6.296056   -6.637632   -6.995836   -7.373919   -7.768493   -8.169335   -8.568031   
0.075433   0.106118   0.115673   0.090916   0.002539   -0.137564   -0.239696   -0.410440   -0.627343   -0.878583   -1.159263   -1.475623   -1.827939   -2.192950   -2.519317   -2.753105   -2.908559   -3.061444   -3.280582   -3.557866   -3.863996   -4.177667   -4.493913   -4.813167   -5.135823   -5.461935   -5.791773   -6.127392   -6.471754   -6.827987   -7.199348   -7.589283   -8.001173   -8.430324   -8.865216   -9.296951   
0.036635   0.070068   0.080212   0.055326   -0.035638   -0.181090   -0.287142   -0.460061   -0.703007   -0.969624   -1.268231   -1.612010   -1.992888   -2.381368   -2.723642   -2.966572   -3.132599   -3.304133   -3.548616   -3.852769   -4.185307   -4.524328   -4.865883   -5.210597   -5.558941   -5.911011   -6.267281   -6.630178   -7.002946   -7.388999   -7.791882   -8.215452   -8.663115   -9.128725   -9.599440   -10.065886   
-0.004234   0.032104   0.042737   0.017333   -0.076044   -0.200183   -0.334848   -0.523055   -0.781487   -1.066500   -1.386789   -1.755864   -2.166223   -2.578438   -2.937926   -3.190749   -3.368334   -3.560223   -3.831032   -4.163876   -4.523826   -4.889412   -5.257556   -5.629034   -6.004394   -6.383782   -6.767909   -7.159580   -7.562328   -7.979873   -8.416067   -8.875232   -9.360687   -9.864671   -10.373018   -10.875889   
-0.047218   -0.007848   0.003196   -0.023039   -0.118647   -0.226827   -0.372484   -0.589898   -0.860894   -1.164225   -1.511732   -1.909582   -2.347879   -2.784359   -3.161815   -3.425726   -3.616323   -3.829442   -4.128954   -4.491444   -4.879941   -5.273376   -5.669428   -6.069012   -6.472757   -6.880864   -7.294311   -7.716291   -8.150635   -8.601388   -9.072737   -9.569514   -10.094825   -10.639138   -11.186960   -11.728011   
-0.092345   -0.049859   -0.038448   -0.065779   -0.163374   -0.243535   -0.409483   -0.660198   -0.945527   -1.267247   -1.641748   -2.070996   -2.537805   -3.000475   -3.396153   -3.671760   -3.876660   -4.112395   -4.442526   -4.835798   -5.254064   -5.676682   -6.101999   -6.531071   -6.964604   -7.402868   -7.847141   -8.301002   -8.768601   -9.254326   -9.762727   -10.299189   -10.866465   -11.453096   -12.042277   -12.623306   
-0.139629   -0.093996   -0.082226   -0.110857   -0.210095   -0.290301   -0.464069   -0.733610   -1.035991   -1.379078   -1.779935   -2.240059   -2.735944   -3.226315   -3.641141   -3.929359   -4.149134   -4.410186   -4.771993   -5.197294   -5.646620   -6.099795   -6.555770   -7.015752   -7.480514   -7.950411   -8.427051   -8.914405   -9.416959   -9.939467   -10.486874   -11.065152   -11.676540   -12.307512   -12.939980   -13.562829   
-0.189043   -0.140318   -0.128123   -0.158244   -0.227183   -0.337626   -0.525297   -0.807106   -1.124797   -1.496415   -1.926300   -2.416704   -2.943682   -3.462275   -3.896867   -4.198639   -4.434100   -4.722934   -5.117653   -5.576308   -6.058037   -6.543183   -7.031246   -7.523598   -8.021062   -8.524106   -9.034693   -9.557190   -10.096444   -10.657591   -11.246012   -11.868295   -12.525981   -13.203351   -13.881083   -14.547642   
-0.240483   -0.188884   -0.176173   -0.207937   -0.253177   -0.371460   -0.589631   -0.882119   -1.219843   -1.617959   -2.079479   -2.600760   -3.161150   -3.709050   -4.163797   -4.479488   -4.732837   -5.050859   -5.479834   -5.973227   -6.488749   -7.007312   -7.528937   -8.055148   -8.586824   -9.124567   -9.670717   -10.230049   -10.807790   -11.409480   -12.040976   -12.709507   -13.415718   -14.141581   -14.866594   -15.578808   
-0.293705   -0.239743   -0.226417   -0.259922   -0.266131   -0.411785   -0.656930   -0.964850   -1.322884   -1.746871   -2.239407   -2.792836   -3.387795   -3.966548   -4.442133   -4.771762   -5.045494   -5.394233   -5.858881   -6.388441   -6.939188   -7.492654   -8.049349   -8.610945   -9.178378   -9.752407   -10.335773   -10.933671   -11.551731   -12.195914   -12.872603   -13.589680   -14.346681   -15.123170   -15.897524   -16.657391   
-0.348291   -0.292939   -0.278895   -0.314174   -0.314950   -0.452984   -0.726951   -1.050051   -1.430834   -1.883199   -2.405995   -2.994204   -3.624484   -4.235059   -4.731865   -5.076747   -5.372262   -5.753356   -6.255149   -6.822345   -7.409791   -7.999683   -8.592992   -9.191529   -9.796300   -10.408238   -11.030513   -11.668748   -12.329002   -13.017676   -13.741732   -14.509700   -15.319793   -16.149087   -16.974885   -17.784458   
-0.403757   -0.348503   -0.333644   -0.370666   -0.365383   -0.511982   -0.796010   -1.133401   -1.542784   -2.025468   -2.579026   -3.204425   -3.871626   -4.514920   -5.032739   -5.394902   -5.713404   -6.128538   -6.668996   -7.275335   -7.900994   -8.528873   -9.160372   -9.797441   -10.441166   -11.092674   -11.755587   -12.435971   -13.140337   -13.875548   -14.649203   -15.470453   -16.335978   -17.220299   -18.099690   -18.961075   
-0.459689   -0.406460   -0.390703   -0.392400   -0.416762   -0.573722   -0.866050   -1.222963   -1.659519   -2.173609   -2.759456   -3.423009   -4.129154   -4.806166   -5.345109   -5.726298   -6.069213   -6.520099   -7.100784   -7.747810   -8.413236   -9.080698   -9.751997   -10.429223   -11.113553   -11.806326   -12.511645   -13.236031   -13.986470   -14.770312   -15.595854   -16.472825   -17.396156   -18.337773   -19.272953   -20.188311   
-0.515718   -0.466823   -0.450106   -0.424520   -0.462047   -0.638146   -0.942654   -1.320136   -1.784182   -2.327504   -2.948351   -3.650820   -4.397415   -5.108768   -5.670254   -6.071146   -6.439990   -6.928364   -7.550877   -8.240170   -8.946958   -9.655632   -10.368375   -11.087416   -11.814034   -12.549809   -13.299338   -14.069619   -14.868137   -15.702750   -16.582525   -17.517698   -18.501251   -19.502479   -20.495691   -21.467238   


#  Thrust coefficient

0.040269   0.040041   0.039820   0.039599   0.039356   0.039072   0.038740   0.038374   0.037988   0.037590   0.037181   0.036761   0.036328   0.035879   0.035414   0.034933   0.034437   0.033927   0.033403   0.032865   0.032316   0.031756   0.031186   0.030608   0.030021   0.029428   0.028830   0.028227   0.027621   0.027013   0.026403   0.025794   0.025187   0.024582   0.023980   0.023381   
0.044743   0.044439   0.044117   0.043777   0.043419   0.043043   0.042651   0.042245   0.041824   0.041391   0.040945   0.040488   0.040021   0.039546   0.039063   0.038574   0.038080   0.037584   0.037085   0.036587   0.036091   0.035598   0.035109   0.034624   0.034143   0.033666   0.033193   0.032725   0.032261   0.031801   0.031345   0.030891   0.030438   0.029987   0.029550   0.029143   
0.053533   0.053223   0.052899   0.052563   0.052219   0.051868   0.051512   0.051153   0.050796   0.050442   0.050092   0.049748   0.049407   0.049069   0.048731   0.048391   0.048047   0.047701   0.047350   0.046993   0.046624   0.046243   0.045859   0.045494   0.045183   0.044948   0.044783   0.044641   0.044428   0.044035   0.043368   0.042377   0.041065   0.039498   0.037760   0.035900   
0.067633   0.067445   0.067267   0.067102   0.066949   0.066805   0.066664   0.066520   0.066366   0.066198   0.066014   0.065805   0.065566   0.065295   0.065009   0.064752   0.064585   0.064549   0.064639   0.064770   0.064789   0.064506   0.063756   0.062445   0.060573   0.058255   0.055640   0.052825   0.049852   0.046719   0.043381   0.039857   0.036196   0.032413   0.028496   0.024506   
0.088038   0.088166   0.088284   0.088380   0.088440   0.088454   0.088409   0.088301   0.088148   0.088009   0.087978   0.088137   0.088508   0.089009   0.089456   0.089557   0.088990   0.087540   0.085160   0.082008   0.078337   0.074330   0.070076   0.065601   0.060861   0.055841   0.050605   0.045211   0.039667   0.033951   0.028141   0.022273   0.016416   0.010716   0.005320   0.000358   
0.115112   0.115396   0.115574   0.115652   0.115666   0.115712   0.115923   0.116402   0.117175   0.118118   0.118947   0.119208   0.118418   0.116299   0.112844   0.108339   0.103137   0.097476   0.091469   0.085101   0.078359   0.071321   0.064048   0.056578   0.048888   0.041015   0.033033   0.024929   0.016789   0.008800   0.001196   -0.005774   -0.011933   -0.017225   -0.021582   -0.025062   
0.147808   0.148027   0.148293   0.148783   0.149648   0.150884   0.152248   0.153326   0.153552   0.152338   0.149328   0.144531   0.138351   0.131245   0.123484   0.115171   0.106418   0.097310   0.087891   0.078183   0.068163   0.057920   0.047528   0.036953   0.026230   0.015442   0.004758   -0.005503   -0.014938   -0.023194   -0.029978   -0.035190   -0.039085   -0.042113   -0.044470   -0.045321   
0.186118   0.187094   0.188519   0.190176   0.191690   0.192575   0.192125   0.189637   0.184723   0.177639   0.168920   0.159032   0.148386   0.137249   0.125706   0.113766   0.101387   0.088648   0.075677   0.062459   0.049028   0.035444   0.021734   0.007946   -0.005717   -0.018830   -0.030753   -0.040714   -0.048321   -0.053796   -0.057649   -0.059676   -0.059128   -0.058842   -0.060740   -0.063256   
0.231645   0.233511   0.235215   0.236234   0.235719   0.232708   0.226595   0.217562   0.206331   0.193712   0.180252   0.166230   0.151676   0.136563   0.121042   0.105163   0.088925   0.072415   0.055716   0.038871   0.021887   0.004776   -0.012387   -0.029126   -0.044451   -0.057313   -0.067117   -0.073815   -0.076857   -0.075857   -0.075102   -0.076664   -0.078969   -0.081978   -0.085201   -0.088013   
0.282881   0.284353   0.284419   0.281832   0.275491   0.265381   0.252355   0.237346   0.221085   0.203955   0.186153   0.167854   0.149047   0.129733   0.110031   0.090036   0.069809   0.049402   0.028864   0.008131   -0.012790   -0.033542   -0.053361   -0.071021   -0.085160   -0.094484   -0.096308   -0.094619   -0.095202   -0.096457   -0.098632   -0.101549   -0.104411   -0.106786   -0.109516   -0.113518   
0.337507   0.336060   0.330930   0.321382   0.307819   0.291157   0.272306   0.252062   0.231065   0.209439   0.187159   0.164320   0.141023   0.117347   0.093358   0.069130   0.044691   0.020062   -0.004643   -0.029445   -0.054178   -0.077846   -0.098634   -0.113383   -0.117629   -0.117817   -0.118310   -0.118635   -0.119891   -0.121917   -0.123937   -0.126164   -0.130026   -0.135427   -0.141189   -0.146392   
0.391282   0.384134   0.371960   0.355182   0.334756   0.311998   0.287868   0.262812   0.237035   0.210630   0.183654   0.156173   0.128268   0.100008   0.071394   0.042615   0.013852   -0.015040   -0.044223   -0.073549   -0.101835   -0.125551   -0.137497   -0.142813   -0.145050   -0.144482   -0.143900   -0.144058   -0.144641   -0.146551   -0.151076   -0.157307   -0.163963   -0.170155   -0.176202   -0.181383   
0.442188   0.427660   0.407881   0.384103   0.357538   0.329265   0.300024   0.270050   0.239391   0.208085   0.176209   0.143791   0.110896   0.077779   0.044572   0.011220   -0.022241   -0.056115   -0.090469   -0.123463   -0.147693   -0.162602   -0.172922   -0.174986   -0.172886   -0.170164   -0.168059   -0.168430   -0.172557   -0.178949   -0.186130   -0.193292   -0.200732   -0.207241   -0.213374   -0.219210   
0.488686   0.466641   0.439715   0.409411   0.377093   0.343648   0.309372   0.274317   0.238530   0.201980   0.164809   0.127281   0.089457   0.051331   0.013098   -0.025223   -0.063978   -0.103352   -0.140503   -0.167025   -0.190470   -0.204919   -0.207639   -0.203428   -0.197306   -0.193660   -0.195448   -0.200897   -0.207941   -0.215537   -0.224031   -0.231951   -0.239891   -0.247639   -0.254119   -0.260079   
0.531276   0.501777   0.468180   0.431996   0.394341   0.355704   0.316171   0.275677   0.234364   0.192493   0.150085   0.107149   0.063897   0.020495   -0.022859   -0.066646   -0.111303   -0.150777   -0.183375   -0.216664   -0.237476   -0.242770   -0.236462   -0.226899   -0.222736   -0.224857   -0.230445   -0.237442   -0.246155   -0.255086   -0.264409   -0.274196   -0.282840   -0.291036   -0.298552   -0.304834   
0.570178   0.533938   0.494268   0.452556   0.409597   0.365460   0.320296   0.274334   0.227570   0.179988   0.131804   0.083208   0.034543   -0.014109   -0.063470   -0.113294   -0.156473   -0.196111   -0.238456   -0.268390   -0.279410   -0.272794   -0.261001   -0.255350   -0.256170   -0.260795   -0.268125   -0.277187   -0.286828   -0.298115   -0.308957   -0.319412   -0.329537   -0.338557   -0.346208   -0.351828   
0.606162   0.563778   0.518460   0.471272   0.422717   0.373095   0.322434   0.270605   0.217810   0.164255   0.110277   0.056211   0.001733   -0.053389   -0.108548   -0.155785   -0.201969   -0.253433   -0.294522   -0.315294   -0.312684   -0.300625   -0.291862   -0.289664   -0.292564   -0.299832   -0.308529   -0.319700   -0.332076   -0.344297   -0.357016   -0.368970   -0.379722   -0.388728   -0.395693   -0.401107   
0.639635   0.591608   0.540771   0.488254   0.434373   0.378989   0.322206   0.264207   0.205322   0.145969   0.086114   0.025688   -0.035342   -0.096418   -0.149209   -0.199789   -0.259781   -0.312554   -0.346661   -0.354236   -0.345701   -0.333474   -0.326323   -0.326567   -0.332441   -0.340937   -0.353081   -0.366077   -0.380269   -0.394977   -0.408914   -0.421531   -0.432049   -0.441047   -0.448321   -0.453442   
0.670610   0.617540   0.561835   0.504032   0.444265   0.382735   0.319735   0.255691   0.190804   0.125028   0.058698   -0.008454   -0.075914   -0.135148   -0.189137   -0.256474   -0.320124   -0.369014   -0.392769   -0.394194   -0.381434   -0.368039   -0.363684   -0.366544   -0.374662   -0.386826   -0.400416   -0.416359   -0.432896   -0.448953   -0.463438   -0.476059   -0.487359   -0.496758   -0.503938   -0.508514   
0.699482   0.642311   0.581582   0.518089   0.452334   0.384732   0.315721   0.245263   0.173698   0.101456   0.028107   -0.045946   -0.116036   -0.170061   -0.243190   -0.316190   -0.379023   -0.421742   -0.441033   -0.435014   -0.417021   -0.405651   -0.403442   -0.409891   -0.421166   -0.435244   -0.452370   -0.470519   -0.488622   -0.505131   -0.520300   -0.534103   -0.545936   -0.555543   -0.562095   -0.565824   
0.726534   0.665424   0.599688   0.530673   0.459156   0.385483   0.309766   0.232647   0.154493   0.075049   -0.005578   -0.085594   -0.145610   -0.220138   -0.300665   -0.375518   -0.435681   -0.478337   -0.489325   -0.474102   -0.455078   -0.445054   -0.447437   -0.456709   -0.470645   -0.488335   -0.507738   -0.527593   -0.546329   -0.564252   -0.580762   -0.595355   -0.607620   -0.616717   -0.622842   -0.626042   
0.751381   0.686796   0.616584   0.542357   0.464768   0.384422   0.302131   0.218236   0.132878   0.045874   -0.041750   -0.117412   -0.187448   -0.274049   -0.358738   -0.432897   -0.498029   -0.535470   -0.535035   -0.514390   -0.494225   -0.489127   -0.494363   -0.507020   -0.524503   -0.544607   -0.565784   -0.586686   -0.607426   -0.626836   -0.644460   -0.659617   -0.671712   -0.680839   -0.686477   -0.688987   
0.774492   0.706866   0.632642   0.552757   0.468872   0.382083   0.292899   0.201888   0.108862   0.014182   -0.079050   -0.144880   -0.236968   -0.329447   -0.414484   -0.496774   -0.562784   -0.590021   -0.580977   -0.554411   -0.538042   -0.535868   -0.545154   -0.561387   -0.581401   -0.603331   -0.626025   -0.649383   -0.671843   -0.692702   -0.711012   -0.726464   -0.738967   -0.747884   -0.752790   -0.754619   
0.796736   0.725712   0.647280   0.561953   0.471940   0.378338   0.282150   0.183556   0.082436   -0.019554   -0.101404   -0.189145   -0.288553   -0.382711   -0.475727   -0.565172   -0.626284   -0.644357   -0.625334   -0.598328   -0.584379   -0.586645   -0.599821   -0.618675   -0.640581   -0.664418   -0.689910   -0.715325   -0.739564   -0.761276   -0.780358   -0.796561   -0.809203   -0.817664   -0.821712   -0.822987   
0.818194   0.742894   0.660810   0.570214   0.473800   0.373394   0.269827   0.163071   0.053924   -0.051136   -0.129927   -0.236164   -0.339495   -0.437912   -0.543657   -0.634255   -0.689641   -0.696792   -0.672000   -0.644533   -0.634657   -0.641289   -0.657322   -0.678145   -0.702197   -0.729107   -0.756993   -0.784571   -0.809886   -0.832803   -0.852982   -0.869683   -0.882261   -0.890086   -0.893242   -0.894180   
0.838737   0.758998   0.673274   0.577402   0.474688   0.367203   0.255751   0.140605   0.023678   -0.070652   -0.171460   -0.284078   -0.387873   -0.501673   -0.614117   -0.703532   -0.752231   -0.749877   -0.720353   -0.694115   -0.688921   -0.698759   -0.716966   -0.740002   -0.767345   -0.796939   -0.827377   -0.856352   -0.883245   -0.907612   -0.928663   -0.945699   -0.958064   -0.965098   -0.967448   -0.968276   
0.858938   0.774172   0.684552   0.583738   0.474544   0.359672   0.239932   0.116394   -0.007566   -0.093924   -0.214906   -0.329270   -0.443349   -0.569553   -0.684707   -0.774371   -0.813528   -0.804778   -0.770498   -0.747853   -0.746014   -0.758454   -0.778845   -0.805313   -0.835577   -0.868047   -0.900278   -0.931176   -0.959878   -0.985499   -1.007286   -1.024542   -1.036557   -1.042710   -1.044416   -1.045312   
0.878810   0.788538   0.694818   0.589137   0.473357   0.350768   0.222479   0.090649   -0.025898   -0.131385   -0.258537   -0.373613   -0.505661   -0.638858   -0.758158   -0.843630   -0.877498   -0.859625   -0.824626   -0.804393   -0.805466   -0.820218   -0.844079   -0.873652   -0.907032   -0.941690   -0.976170   -1.009263   -1.039594   -1.066357   -1.088793   -1.106166   -1.117715   -1.122974   -1.124214   -1.125289   
0.898445   0.802355   0.704024   0.593599   0.471136   0.340480   0.203547   0.063702   -0.034406   -0.170514   -0.298044   -0.427027   -0.571027   -0.709551   -0.831856   -0.915539   -0.941080   -0.917942   -0.881229   -0.863414   -0.866877   -0.885182   -0.912304   -0.945124   -0.981095   -1.018179   -1.055323   -1.090426   -1.122297   -1.150136   -1.173144   -1.190550   -1.201536   -1.205950   -1.206891   -1.208205   
0.918060   0.815616   0.712229   0.597167   0.467854   0.328849   0.183280   0.036300   -0.066304   -0.209757   -0.337256   -0.485579   -0.637104   -0.783437   -0.905928   -0.988882   -1.006669   -0.978190   -0.940139   -0.924355   -0.931249   -0.953150   -0.983527   -1.019343   -1.057751   -1.097936   -1.137542   -1.174570   -1.207937   -1.236798   -1.260320   -1.277689   -1.288030   -1.291688   -1.292470   -1.294067   
0.937618   0.828407   0.719548   0.599851   0.463489   0.315970   0.161833   0.024750   -0.100313   -0.244583   -0.386191   -0.546682   -0.705561   -0.856651   -0.984313   -1.062085   -1.074703   -1.040036   -1.000902   -0.987902   -0.998725   -1.023955   -1.057651   -1.095847   -1.137662   -1.180756   -1.222726   -1.261650   -1.296480   -1.326322   -1.350316   -1.367581   -1.377221   -1.380221   -1.380966   -1.382881   
0.957111   0.840834   0.726128   0.601624   0.458039   0.301948   0.139422   0.009436   -0.134862   -0.276575   -0.439666   -0.608073   -0.776797   -0.932566   -1.063429   -1.139000   -1.144000   -1.103313   -1.063907   -1.054570   -1.068970   -1.097739   -1.133880   -1.175528   -1.220620   -1.266528   -1.310826   -1.351635   -1.387904   -1.418706   -1.443133   -1.460224   -1.469137   -1.471576   -1.472391   -1.474657   
0.976592   0.852969   0.732031   0.602455   0.451541   0.286886   0.116440   -0.002212   -0.167712   -0.318153   -0.495459   -0.671869   -0.847196   -1.012481   -1.144634   -1.217443   -1.214465   -1.168027   -1.129723   -1.124048   -1.142164   -1.173775   -1.213010   -1.258243   -1.306505   -1.355198   -1.401814   -1.444500   -1.482203   -1.513949   -1.538769   -1.555610   -1.563800   -1.565781   -1.566750   -1.569397   
0.996077   0.864885   0.737305   0.602323   0.444058   0.270880   0.093933   -0.031095   -0.192083   -0.365409   -0.551542   -0.738575   -0.920860   -1.093422   -1.229607   -1.297096   -1.285798   -1.234756   -1.198485   -1.196314   -1.217975   -1.252137   -1.295180   -1.343850   -1.395256   -1.446733   -1.495668   -1.540238   -1.579376   -1.612050   -1.637222   -1.653737   -1.661228   -1.662862   -1.664052   -1.667093   
1.015577   0.876609   0.741994   0.601216   0.435664   0.254031   0.090771   -0.060104   -0.220807   -0.414931   -0.608693   -0.804015   -0.998657   -1.177052   -1.316425   -1.377826   -1.358607   -1.304029   -1.269902   -1.271447   -1.295701   -1.333547   -1.380213   -1.432275   -1.486839   -1.541111   -1.592373   -1.638845   -1.679424   -1.713011   -1.738484   -1.754611   -1.761440   -1.762836   -1.764306   -1.767732   
1.035098   0.888161   0.746118   0.599140   0.426427   0.236487   0.095690   -0.086131   -0.260413   -0.465714   -0.669524   -0.872051   -1.077586   -1.264800   -1.404823   -1.459466   -1.433010   -1.375802   -1.344153   -1.348821   -1.376184   -1.417807   -1.468015   -1.523480   -1.581230   -1.638314   -1.691926   -1.740323   -1.782345   -1.816828   -1.842548   -1.858243   -1.864454   -1.865712   -1.867512   -1.871306   
1.054643   0.899566   0.749705   0.596131   0.416408   0.218489   0.079802   -0.101474   -0.302605   -0.515619   -0.729735   -0.944936   -1.159068   -1.354721   -1.494576   -1.542779   -1.509602   -1.449988   -1.421077   -1.428185   -1.459561   -1.504795   -1.558536   -1.617440   -1.678413   -1.738332   -1.794327   -1.844672   -1.888142   -1.923497   -1.949404   -1.964644   -1.970293   -1.971501   -1.973667   -1.977809   
1.074211   0.910816   0.752785   0.592244   0.405660   0.200474   0.056761   -0.123437   -0.346458   -0.568122   -0.789225   -1.018655   -1.245107   -1.446575   -1.585640   -1.627533   -1.588241   -1.526836   -1.499989   -1.510462   -1.545652   -1.594444   -1.651748   -1.714140   -1.778372   -1.841164   -1.899576   -1.951891   -1.996813   -2.033010   -2.059048   -2.073822   -2.078980   -2.080210   -2.082763   -2.087237   
1.093796   0.921897   0.755403   0.587538   0.394240   0.207054   0.034630   -0.156964   -0.390907   -0.623123   -0.854757   -1.094404   -1.333429   -1.540149   -1.678762   -1.714386   -1.668933   -1.606115   -1.581011   -1.595517   -1.634363   -1.686717   -1.747634   -1.813564   -1.881104   -1.946807   -2.007673   -2.061981   -2.108352   -2.145362   -2.171477   -2.185787   -2.190533   -2.191846   -2.194791   -2.199584   
1.113388   0.932796   0.757569   0.582078   0.382215   0.207068   0.024654   -0.192425   -0.434173   -0.675477   -0.922639   -1.175223   -1.423796   -1.635391   -1.773381   -1.803195   -1.751912   -1.687203   -1.664930   -1.683204   -1.725640   -1.781593   -1.846180   -1.915704   -1.986604   -2.055261   -2.118618   -2.174940   -2.222755   -2.260547   -2.286693   -2.300550   -2.304967   -2.306412   -2.309749   -2.314848   
1.132967   0.943505   0.759304   0.575919   0.369677   0.216922   0.017598   -0.229250   -0.479664   -0.729096   -0.990343   -1.258307   -1.516027   -1.733193   -1.870142   -1.893938   -1.836967   -1.770325   -1.751543   -1.773440   -1.819451   -1.879057   -1.947373   -2.020554   -2.094871   -2.166525   -2.232412   -2.290766   -2.340018   -2.378562   -2.404699   -2.418124   -2.422289   -2.423906   -2.427632   -2.433024   
1.152494   0.954016   0.760635   0.569125   0.356761   0.200445   -0.004687   -0.267055   -0.527864   -0.788757   -1.061829   -1.343441   -1.609897   -1.832905   -1.969055   -1.986840   -1.923567   -1.856279   -1.840722   -1.866176   -1.915780   -1.979098   -2.051205   -2.128115   -2.205904   -2.280599   -2.349054   -2.409454   -2.460137   -2.499403   -2.525499   -2.538524   -2.542506   -2.544325   -2.548437   -2.554109   
1.171903   0.964327   0.761612   0.561760   0.373419   0.184617   -0.032065   -0.303264   -0.570760   -0.850112   -1.137173   -1.430433   -1.706324   -1.934708   -2.069973   -2.081743   -2.011710   -1.944863   -1.932393   -1.961382   -2.014611   -2.081704   -2.157674   -2.238383   -2.319700   -2.397483   -2.468540   -2.531001   -2.583108   -2.623065   -2.649099   -2.661763   -2.665623   -2.667666   -2.672161   -2.678098   
1.191071   0.974433   0.762258   0.553866   0.382338   0.184529   -0.060633   -0.338890   -0.617196   -0.910705   -1.214473   -1.519021   -1.805231   -2.039134   -2.173104   -2.178264   -2.102390   -2.035957   -2.026508   -2.059038   -2.115935   -2.186869   -2.266777   -2.351359   -2.436259   -2.517177   -2.590869   -2.655404   -2.708929   -2.749545   -2.775502   -2.787854   -2.791644   -2.793927   -2.798802   -2.804988   
1.209781   0.984335   0.762591   0.545491   0.403791   0.179540   -0.090163   -0.378828   -0.668975   -0.974906   -1.293543   -1.609503   -1.905880   -2.145898   -2.278406   -2.275940   -2.195479   -2.129493   -2.123040   -2.159128   -2.219743   -2.294587   -2.378516   -2.467039   -2.555581   -2.639678   -2.716039   -2.782660   -2.837597   -2.878842   -2.904716   -2.916809   -2.920571   -2.923106   -2.928358   -2.934776   
1.227709   0.994035   0.762623   0.536690   0.393844   0.176632   -0.120396   -0.418858   -0.722289   -1.042890   -1.374205   -1.702750   -2.008940   -2.255060   -2.385628   -2.375769   -2.290856   -2.225426   -2.221968   -2.261642   -2.326027   -2.404858   -2.492887   -2.585422   -2.677665   -2.764985   -2.844046   -2.912767   -2.969109   -3.010954   -3.036748   -3.048634   -3.052403   -3.055202   -3.060826   -3.067458   
1.244510   1.003538   0.762370   0.527516   0.383744   0.157227   -0.148336   -0.453184   -0.775267   -1.112542   -1.456176   -1.798231   -2.114680   -2.366728   -2.494255   -2.477988   -2.388473   -2.323727   -2.323280   -2.366570   -2.434781   -2.517682   -2.609891   -2.706509   -2.802508   -2.893096   -2.974889   -3.045723   -3.103464   -3.145882   -3.171607   -3.183337   -3.187141   -3.190213   -3.196205   -3.203032   
1.259909   1.012847   0.761843   0.553098   0.374069   0.136958   -0.175418   -0.491388   -0.828901   -1.183703   -1.540047   -1.895264   -2.222840   -2.480722   -2.604335   -2.582395   -2.488304   -2.424376   -2.426962   -2.473903   -2.546005   -2.633056   -2.729527   -2.830297   -2.930110   -3.024009   -3.108566   -3.181526   -3.240659   -3.283628   -3.309303   -3.320921   -3.324782   -3.328137   -3.334493   -3.341496   
1.273688   1.021960   0.761057   0.569682   0.372116   0.115959   -0.205860   -0.535039   -0.887973   -1.256191   -1.626540   -1.994524   -2.333544   -2.596798   -2.716936   -2.688924   -2.590338   -2.527359   -2.533005   -2.583635   -2.659697   -2.750982   -2.851793   -2.956785   -3.060468   -3.157723   -3.245074   -3.320175   -3.380692   -3.424191   -3.449840   -3.461391   -3.465326   -3.468973   -3.475688   -3.482848   


# Torque coefficient

0.000501   0.000888   0.001274   0.001659   0.002044   0.002431   0.002817   0.003201   0.003582   0.003958   0.004330   0.004699   0.005065   0.005428   0.005788   0.006146   0.006501   0.006853   0.007204   0.007552   0.007898   0.008242   0.008583   0.008923   0.009260   0.009595   0.009929   0.010260   0.010590   0.010917   0.011243   0.011568   0.011891   0.012213   0.012534   0.012855   
0.002022   0.002520   0.003017   0.003512   0.004006   0.004498   0.004988   0.005476   0.005963   0.006448   0.006931   0.007413   0.007892   0.008370   0.008846   0.009319   0.009790   0.010260   0.010729   0.011197   0.011666   0.012137   0.012610   0.013083   0.013557   0.014028   0.014495   0.014955   0.015406   0.015846   0.016274   0.016687   0.017083   0.017465   0.017841   0.018228   
0.004574   0.005250   0.005924   0.006595   0.007264   0.007931   0.008595   0.009258   0.009920   0.010584   0.011250   0.011917   0.012584   0.013248   0.013905   0.014552   0.015186   0.015803   0.016402   0.016981   0.017536   0.018066   0.018577   0.019086   0.019615   0.020178   0.020773   0.021360   0.021872   0.022225   0.022346   0.022195   0.021777   0.021145   0.020360   0.019459   
0.008181   0.009088   0.009997   0.010910   0.011825   0.012737   0.013642   0.014533   0.015404   0.016250   0.017068   0.017853   0.018602   0.019315   0.020000   0.020681   0.021390   0.022148   0.022952   0.023755   0.024469   0.024986   0.025214   0.025097   0.024639   0.023904   0.022981   0.021925   0.020762   0.019490   0.018096   0.016589   0.014995   0.013319   0.011555   0.009730   
0.012818   0.014017   0.015193   0.016337   0.017440   0.018496   0.019499   0.020448   0.021352   0.022234   0.023136   0.024095   0.025122   0.026179   0.027180   0.027990   0.028465   0.028511   0.028110   0.027334   0.026299   0.025088   0.023742   0.022273   0.020671   0.018937   0.017096   0.015169   0.013160   0.011059   0.008891   0.006671   0.004422   0.002198   0.000057   -0.001952   
0.018148   0.019500   0.020778   0.021981   0.023122   0.024237   0.025375   0.026582   0.027870   0.029190   0.030424   0.031394   0.031927   0.031926   0.031399   0.030451   0.029209   0.027758   0.026142   0.024367   0.022440   0.020390   0.018236   0.015990   0.013645   0.011211   0.008709   0.006132   0.003505   0.000881   -0.001665   -0.004056   -0.006234   -0.008176   -0.009858   -0.011297   
0.023448   0.024853   0.026218   0.027609   0.029089   0.030659   0.032232   0.033652   0.034733   0.035301   0.035261   0.034622   0.033504   0.032041   0.030320   0.028384   0.026279   0.024036   0.021673   0.019196   0.016601   0.013909   0.011139   0.008283   0.005344   0.002340   -0.000691   -0.003668   -0.006483   -0.009036   -0.011241   -0.013063   -0.014569   -0.015872   -0.017025   -0.017778   
0.028589   0.030290   0.032089   0.033918   0.035649   0.037126   0.038157   0.038569   0.038271   0.037327   0.035876   0.034044   0.031944   0.029655   0.027210   0.024624   0.021890   0.019029   0.016071   0.013011   0.009856   0.006620   0.003302   -0.000097   -0.003539   -0.006932   -0.010124   -0.012922   -0.015222   -0.017069   -0.018578   -0.019688   -0.020191   -0.020777   -0.021947   -0.023293   
0.034016   0.036081   0.038046   0.039752   0.040988   0.041543   0.041291   0.040280   0.038673   0.036651   0.034342   0.031820   0.029110   0.026222   0.023196   0.020043   0.016764   0.013376   0.009895   0.006327   0.002669   -0.001089   -0.004948   -0.008819   -0.012497   -0.015749   -0.018436   -0.020531   -0.021896   -0.022424   -0.023053   -0.024256   -0.025655   -0.027227   -0.028856   -0.030394   
0.039353   0.041427   0.043073   0.044040   0.044133   0.043359   0.041881   0.039880   0.037500   0.034831   0.031930   0.028852   0.025611   0.022213   0.018679   0.015027   0.011265   0.007402   0.003443   -0.000634   -0.004842   -0.009136   -0.013385   -0.017353   -0.020764   -0.023337   -0.024506   -0.025040   -0.026132   -0.027432   -0.028959   -0.030652   -0.032330   -0.033906   -0.035564   -0.037500   
0.044050   0.045620   0.046379   0.046215   0.045195   0.043472   0.041202   0.038530   0.035582   0.032406   0.029022   0.025464   0.021752   0.017898   0.013910   0.009800   0.005568   0.001218   -0.003243   -0.007841   -0.012576   -0.017296   -0.021676   -0.025124   -0.026779   -0.027792   -0.028992   -0.030275   -0.031804   -0.033506   -0.035203   -0.036930   -0.038957   -0.041271   -0.043677   -0.046022   
0.047444   0.048211   0.048019   0.046925   0.045068   0.042648   0.039817   0.036669   0.033264   0.029645   0.025839   0.021862   0.017722   0.013426   0.008974   0.004396   -0.000282   -0.005093   -0.010096   -0.015305   -0.020555   -0.025261   -0.028172   -0.030103   -0.031671   -0.032915   -0.034293   -0.035877   -0.037557   -0.039459   -0.041783   -0.044379   -0.047053   -0.049675   -0.052329   -0.054916   
0.049550   0.049484   0.048470   0.046664   0.044228   0.041318   0.038058   0.034514   0.030727   0.026725   0.022526   0.018130   0.013546   0.008809   0.003940   -0.001069   -0.006227   -0.011609   -0.017277   -0.022989   -0.027587   -0.030932   -0.033763   -0.035469   -0.036702   -0.038001   -0.039501   -0.041432   -0.043929   -0.046742   -0.049655   -0.052567   -0.055557   -0.058461   -0.061397   -0.064406   
0.050479   0.049754   0.048146   0.045828   0.042971   0.039706   0.036106   0.032218   0.028078   0.023695   0.019088   0.014290   0.009310   0.004147   -0.001172   -0.006650   -0.012366   -0.018409   -0.024407   -0.029143   -0.033706   -0.037184   -0.039142   -0.040290   -0.041364   -0.042959   -0.045398   -0.048338   -0.051458   -0.054623   -0.057920   -0.061161   -0.064468   -0.067838   -0.071157   -0.074573   
0.050551   0.049331   0.047312   0.044655   0.041503   0.037946   0.034038   0.029815   0.025320   0.020586   0.015616   0.010411   0.004995   -0.000604   -0.006362   -0.012366   -0.018732   -0.024702   -0.030048   -0.035832   -0.040184   -0.042626   -0.043699   -0.044593   -0.046438   -0.049224   -0.052460   -0.055820   -0.059368   -0.062930   -0.066568   -0.070322   -0.074017   -0.077789   -0.081648   -0.085567   
0.049970   0.048456   0.046181   0.043291   0.039900   0.036067   0.031862   0.027351   0.022547   0.017446   0.012072   0.006452   0.000631   -0.005378   -0.011672   -0.018276   -0.024351   -0.030323   -0.037045   -0.042508   -0.045781   -0.047019   -0.047902   -0.049844   -0.052770   -0.056194   -0.059895   -0.063747   -0.067641   -0.071747   -0.075843   -0.079982   -0.084212   -0.088485   -0.092820   -0.097180   
0.048937   0.047279   0.044852   0.041781   0.038172   0.034116   0.029676   0.024867   0.019712   0.014238   0.008485   0.002496   -0.003755   -0.010300   -0.017102   -0.023265   -0.029679   -0.037188   -0.043850   -0.048348   -0.050260   -0.051342   -0.053152   -0.056008   -0.059566   -0.063604   -0.067719   -0.072070   -0.076544   -0.081036   -0.085663   -0.090326   -0.095024   -0.099747   -0.104521   -0.109464   
0.047559   0.045868   0.043351   0.040165   0.036411   0.032148   0.027439   0.022323   0.016838   0.011033   0.004914   -0.001519   -0.008268   -0.015281   -0.021656   -0.028154   -0.036228   -0.043963   -0.049946   -0.053180   -0.054853   -0.056460   -0.059006   -0.062607   -0.066866   -0.071325   -0.076094   -0.080913   -0.085879   -0.090961   -0.096069   -0.101193   -0.106308   -0.111548   -0.116953   -0.122533   
0.045876   0.044266   0.041767   0.038511   0.034595   0.030120   0.025162   0.019776   0.013991   0.007813   0.001284   -0.005620   -0.012837   -0.019466   -0.025876   -0.034251   -0.042780   -0.050197   -0.055274   -0.058185   -0.059884   -0.061945   -0.065350   -0.069676   -0.074514   -0.079646   -0.084851   -0.090282   -0.095812   -0.101381   -0.106926   -0.112488   -0.118195   -0.124054   -0.130102   -0.136355   
0.043957   0.042559   0.040104   0.036775   0.032725   0.028077   0.022911   0.017241   0.011110   0.004569   -0.002412   -0.009786   -0.017061   -0.023011   -0.031423   -0.040414   -0.048944   -0.055927   -0.060807   -0.063335   -0.065047   -0.067943   -0.072103   -0.077215   -0.082686   -0.088318   -0.094189   -0.100165   -0.106196   -0.112184   -0.118232   -0.124407   -0.130723   -0.137233   -0.143932   -0.150882   
0.041847   0.040714   0.038339   0.034990   0.030858   0.026060   0.020645   0.014685   0.008230   0.001271   -0.006173   -0.013907   -0.019993   -0.027951   -0.037085   -0.046317   -0.054772   -0.061976   -0.066313   -0.068400   -0.070649   -0.074300   -0.079422   -0.085189   -0.091251   -0.097552   -0.103973   -0.110459   -0.116925   -0.123478   -0.130131   -0.136917   -0.143880   -0.151026   -0.158460   -0.166180   
0.039534   0.038734   0.036523   0.033210   0.028997   0.024020   0.018380   0.012133   0.005313   -0.002084   -0.009948   -0.017057   -0.023996   -0.033051   -0.042598   -0.051921   -0.061061   -0.067983   -0.071586   -0.073732   -0.076544   -0.081266   -0.087133   -0.093597   -0.100326   -0.107193   -0.114129   -0.121091   -0.128165   -0.135315   -0.142586   -0.150004   -0.157608   -0.165500   -0.173717   -0.182223   
0.037087   0.036666   0.034688   0.031406   0.027117   0.021992   0.016116   0.009567   0.002353   -0.005480   -0.013616   -0.019650   -0.028541   -0.038098   -0.047776   -0.058047   -0.067452   -0.073695   -0.076965   -0.079205   -0.083044   -0.088612   -0.095314   -0.102469   -0.109783   -0.117173   -0.124630   -0.132229   -0.139904   -0.147680   -0.155568   -0.163639   -0.171984   -0.180653   -0.189684   -0.198998   
0.034603   0.034524   0.032796   0.029586   0.025248   0.019961   0.013852   0.006974   -0.000659   -0.008881   -0.015808   -0.023653   -0.033094   -0.042818   -0.053386   -0.064447   -0.073634   -0.079399   -0.082314   -0.085193   -0.089918   -0.096450   -0.103935   -0.111699   -0.119551   -0.127501   -0.135617   -0.143834   -0.152143   -0.160526   -0.169079   -0.177884   -0.186995   -0.196474   -0.206352   -0.216503   
0.032103   0.032292   0.030872   0.027766   0.023375   0.017937   0.011578   0.004335   -0.003699   -0.011937   -0.018429   -0.027730   -0.037438   -0.047665   -0.059448   -0.070793   -0.079758   -0.084979   -0.087990   -0.091529   -0.097279   -0.104728   -0.112897   -0.121222   -0.129663   -0.138291   -0.147046   -0.155914   -0.164827   -0.173882   -0.183162   -0.192722   -0.202630   -0.212959   -0.223716   -0.234738   
0.029590   0.030021   0.028918   0.025934   0.021509   0.015911   0.009273   0.001658   -0.006744   -0.013896   -0.022039   -0.031732   -0.041515   -0.053125   -0.065605   -0.077081   -0.085796   -0.090690   -0.093923   -0.098306   -0.105093   -0.113349   -0.122138   -0.131072   -0.140212   -0.149499   -0.158926   -0.168408   -0.177998   -0.187776   -0.197801   -0.208146   -0.218888   -0.230107   -0.241779   -0.253704   
0.027104   0.027735   0.026928   0.024103   0.019641   0.013872   0.006934   -0.001043   -0.009739   -0.016073   -0.025666   -0.035408   -0.046121   -0.058800   -0.071677   -0.083448   -0.091755   -0.096601   -0.100150   -0.105546   -0.113256   -0.122256   -0.131683   -0.141337   -0.151156   -0.161136   -0.171198   -0.181363   -0.191674   -0.202191   -0.212990   -0.224153   -0.235768   -0.247918   -0.260542   -0.273401   
0.024651   0.025448   0.024914   0.022263   0.017767   0.011812   0.004565   -0.003756   -0.011657   -0.019284   -0.029182   -0.039011   -0.051145   -0.064485   -0.077921   -0.089676   -0.097919   -0.102615   -0.106804   -0.113135   -0.121717   -0.131446   -0.141620   -0.151977   -0.162507   -0.173147   -0.183904   -0.194794   -0.205841   -0.217123   -0.228726   -0.240743   -0.253271   -0.266394   -0.280005   -0.293825   
0.022235   0.023177   0.022875   0.020413   0.015884   0.009727   0.002173   -0.006459   -0.012770   -0.022508   -0.032314   -0.043236   -0.056300   -0.070205   -0.084135   -0.096085   -0.104093   -0.108970   -0.113771   -0.121034   -0.130452   -0.141006   -0.151914   -0.163000   -0.174221   -0.185561   -0.197062   -0.208689   -0.220495   -0.232571   -0.245010   -0.257918   -0.271400   -0.285538   -0.300170   -0.314976   
0.019866   0.020924   0.020816   0.018552   0.013986   0.007616   -0.000235   -0.009099   -0.015572   -0.025634   -0.035440   -0.047731   -0.061420   -0.076113   -0.090375   -0.102571   -0.110461   -0.115557   -0.121031   -0.129201   -0.139537   -0.150910   -0.162565   -0.174378   -0.186300   -0.198406   -0.210657   -0.223042   -0.235634   -0.248533   -0.261843   -0.275679   -0.290158   -0.305351   -0.321033   -0.336853   
0.017538   0.018693   0.018747   0.016678   0.012069   0.005483   -0.002652   -0.010587   -0.018429   -0.028382   -0.039194   -0.052322   -0.066658   -0.081943   -0.096869   -0.109077   -0.117038   -0.122356   -0.128546   -0.137692   -0.148970   -0.161147   -0.173567   -0.186085   -0.198791   -0.211668   -0.224686   -0.237852   -0.251258   -0.265010   -0.279226   -0.294029   -0.309547   -0.325831   -0.342595   -0.359455   
0.015244   0.016488   0.016676   0.014788   0.010130   0.003331   -0.005065   -0.012273   -0.021237   -0.030967   -0.043165   -0.056855   -0.072043   -0.087949   -0.103404   -0.115824   -0.123755   -0.129352   -0.136353   -0.146528   -0.158723   -0.171723   -0.184869   -0.198180   -0.211677   -0.225339   -0.239144   -0.253119   -0.267366   -0.282004   -0.297161   -0.312969   -0.329568   -0.346978   -0.364853   -0.382784   
0.012982   0.014308   0.014607   0.012877   0.008169   0.001164   -0.007450   -0.013695   -0.023852   -0.034164   -0.047216   -0.061507   -0.077355   -0.094165   -0.110082   -0.122681   -0.130609   -0.136557   -0.144483   -0.155682   -0.168803   -0.182593   -0.196525   -0.210651   -0.224952   -0.239417   -0.254034   -0.268842   -0.283960   -0.299517   -0.315649   -0.332501   -0.350222   -0.368793   -0.387809   -0.406839   
0.010746   0.012156   0.012539   0.010944   0.006187   -0.001014   -0.009734   -0.016205   -0.025947   -0.037638   -0.051217   -0.066310   -0.082870   -0.100449   -0.116978   -0.129636   -0.137586   -0.144015   -0.152933   -0.165146   -0.179189   -0.193766   -0.208541   -0.223490   -0.238612   -0.253902   -0.269353   -0.285023   -0.301042   -0.317549   -0.334692   -0.352625   -0.371509   -0.391275   -0.411460   -0.431618   
0.008530   0.010026   0.010474   0.008985   0.004187   -0.003198   -0.010802   -0.018658   -0.028349   -0.041190   -0.055241   -0.071020   -0.088589   -0.106902   -0.123985   -0.136684   -0.144740   -0.151753   -0.161679   -0.174923   -0.189839   -0.205283   -0.220905   -0.236693   -0.252656   -0.268793   -0.285103   -0.301662   -0.318612   -0.336102   -0.354291   -0.373342   -0.393429   -0.414425   -0.435809   -0.457120   
0.006330   0.007917   0.008411   0.007000   0.002170   -0.005382   -0.011353   -0.020869   -0.031344   -0.044761   -0.059468   -0.075893   -0.094383   -0.113573   -0.131090   -0.143822   -0.152082   -0.159763   -0.170727   -0.184973   -0.200803   -0.217131   -0.233613   -0.250258   -0.267083   -0.284091   -0.301285   -0.318761   -0.336671   -0.355177   -0.374446   -0.394653   -0.415982   -0.438241   -0.460853   -0.483345   
0.004140   0.005825   0.006349   0.004990   0.000139   -0.007551   -0.013156   -0.022528   -0.034434   -0.048224   -0.063630   -0.080994   -0.100332   -0.120366   -0.138280   -0.151112   -0.159645   -0.168036   -0.180064   -0.195284   -0.212087   -0.229303   -0.246662   -0.264185   -0.281895   -0.299794   -0.317898   -0.336320   -0.355221   -0.374774   -0.395157   -0.416560   -0.439168   -0.462723   -0.486593   -0.510290   
0.001958   0.003745   0.004287   0.002957   -0.001905   -0.009678   -0.015346   -0.024587   -0.037571   -0.051820   -0.067779   -0.086151   -0.106507   -0.127269   -0.145561   -0.158544   -0.167417   -0.176584   -0.189651   -0.205905   -0.223677   -0.241796   -0.260050   -0.278473   -0.297089   -0.315905   -0.334945   -0.354340   -0.374262   -0.394894   -0.416425   -0.439063   -0.462987   -0.487871   -0.513028   -0.537956   
-0.000220   0.001672   0.002225   0.000903   -0.003960   -0.010424   -0.017437   -0.027237   -0.040694   -0.055536   -0.072214   -0.091433   -0.112802   -0.134267   -0.152987   -0.166152   -0.175400   -0.185392   -0.199494   -0.216826   -0.235570   -0.254607   -0.273778   -0.293122   -0.312668   -0.332424   -0.352426   -0.372822   -0.393794   -0.415537   -0.438251   -0.462161   -0.487441   -0.513685   -0.540156   -0.566342   
-0.002397   -0.000398   0.000162   -0.001170   -0.006024   -0.011516   -0.018911   -0.029950   -0.043709   -0.059109   -0.076753   -0.096952   -0.119205   -0.141366   -0.160530   -0.173929   -0.183606   -0.194426   -0.209632   -0.228037   -0.247761   -0.267736   -0.287844   -0.308132   -0.328630   -0.349351   -0.370342   -0.391766   -0.413819   -0.436704   -0.460635   -0.485857   -0.512528   -0.540163   -0.567977   -0.595447   
-0.004574   -0.002470   -0.001904   -0.003258   -0.008092   -0.012063   -0.020283   -0.032702   -0.046835   -0.062771   -0.081321   -0.102583   -0.125705   -0.148623   -0.168222   -0.181873   -0.192023   -0.203699   -0.220052   -0.239532   -0.260250   -0.281183   -0.302250   -0.323504   -0.344978   -0.366686   -0.388692   -0.411174   -0.434335   -0.458395   -0.483577   -0.510150   -0.538249   -0.567306   -0.596490   -0.625270   
-0.006752   -0.004545   -0.003976   -0.005360   -0.010159   -0.014037   -0.022439   -0.035473   -0.050094   -0.066683   -0.086066   -0.108315   -0.132293   -0.156004   -0.176062   -0.189999   -0.200626   -0.213249   -0.230743   -0.251308   -0.273035   -0.294947   -0.316995   -0.339237   -0.361710   -0.384431   -0.407479   -0.431044   -0.455344   -0.480609   -0.507079   -0.535040   -0.564603   -0.595113   -0.625695   -0.655812   
-0.008928   -0.006627   -0.006051   -0.007474   -0.010730   -0.015946   -0.024809   -0.038119   -0.053123   -0.070674   -0.090978   -0.114139   -0.139028   -0.163520   -0.184046   -0.198298   -0.209419   -0.223060   -0.241702   -0.263364   -0.286116   -0.309029   -0.332080   -0.355333   -0.378828   -0.402586   -0.426701   -0.451378   -0.476846   -0.503349   -0.531140   -0.560529   -0.591591   -0.623583   -0.655592   -0.687073   
-0.011100   -0.008718   -0.008131   -0.009598   -0.011686   -0.017145   -0.027215   -0.040715   -0.056303   -0.074678   -0.095980   -0.120040   -0.145905   -0.171194   -0.192183   -0.206754   -0.218448   -0.233126   -0.252926   -0.275699   -0.299493   -0.323428   -0.347504   -0.371791   -0.396331   -0.421151   -0.446359   -0.472176   -0.498842   -0.526613   -0.555760   -0.586617   -0.619213   -0.652715   -0.686179   -0.719052   
-0.013255   -0.010820   -0.010218   -0.011730   -0.012011   -0.018584   -0.029647   -0.043544   -0.059702   -0.078836   -0.101065   -0.126041   -0.152891   -0.179011   -0.200474   -0.215350   -0.227704   -0.243442   -0.264412   -0.288311   -0.313166   -0.338144   -0.363268   -0.388613   -0.414221   -0.440127   -0.466454   -0.493437   -0.521330   -0.550402   -0.580941   -0.613303   -0.647467   -0.682510   -0.717456   -0.751749   
-0.015377   -0.012933   -0.012313   -0.013870   -0.013905   -0.019999   -0.032094   -0.046359   -0.063170   -0.083141   -0.106222   -0.132191   -0.160017   -0.186974   -0.208907   -0.224133   -0.237180   -0.254005   -0.276158   -0.301200   -0.327135   -0.353178   -0.379372   -0.405797   -0.432497   -0.459513   -0.486986   -0.515163   -0.544313   -0.574717   -0.606683   -0.640588   -0.676353   -0.712966   -0.749424   -0.785166   
-0.017446   -0.015059   -0.014417   -0.016016   -0.015788   -0.022123   -0.034395   -0.048974   -0.066663   -0.087520   -0.111439   -0.138462   -0.167292   -0.195088   -0.217463   -0.233112   -0.246874   -0.264812   -0.288165   -0.314365   -0.341399   -0.368530   -0.395816   -0.423344   -0.451159   -0.479310   -0.507955   -0.537354   -0.567789   -0.599557   -0.632987   -0.668473   -0.705872   -0.744083   -0.782081   -0.819301   
-0.019449   -0.017197   -0.016530   -0.016602   -0.017633   -0.024274   -0.036642   -0.051743   -0.070213   -0.091964   -0.116751   -0.144826   -0.174702   -0.203346   -0.226149   -0.242276   -0.256785   -0.275862   -0.300430   -0.327806   -0.355959   -0.384199   -0.412602   -0.441255   -0.470208   -0.499519   -0.529361   -0.560009   -0.591760   -0.624924   -0.659852   -0.696956   -0.736022   -0.775861   -0.815428   -0.854156   
-0.021374   -0.019348   -0.018655   -0.017595   -0.019150   -0.026449   -0.039069   -0.054714   -0.073947   -0.096466   -0.122197   -0.151312   -0.182255   -0.211738   -0.235009   -0.251625   -0.266912   -0.287153   -0.312954   -0.341522   -0.370815   -0.400187   -0.429727   -0.459529   -0.489644   -0.520139   -0.551204   -0.583129   -0.616225   -0.650816   -0.687279   -0.726038   -0.766803   -0.808299   -0.849464   -0.889731   

